10000
9531
4993
8965
8222
177
509
6722
8654
2686
8998
8016
3145
3725
837
6781
6498
3174
1266
8525
453
6993
2581
1599
3475
1888
6990
1621
1729
5499
51
1499
8397
1679
7809
4750
2156
6791
622
1680
8132
5685
9526
9156
4011
1551
9330
6992
269
9146
8771
6919
9373
1547
4646
1453
1930
57
4475
4958
9973
9823
8180
3991
3601
6793
3652
7683
1142
5191
7241
8773
3438
6273
3466
3829
4313
1730
774
8848
5441
3444
6376
4090
2590
1498
2330
6888
1223
9942
5125
9246
7799
3623
3045
8027
4581
7836
7232
2694
3269
646
7853
2563
4006
9840
9524
3848
7861
3355
3706
824
9544
1235
492
2102
2761
9272
9707
2188
4569
7395
9487
4434
8579
1000
3745
4266
3609
8663
1774
2346
3732
6971
6961
3261
5283
4849
7504
312
7741
8894
2053
7486
8004
5890
3149
7569
9349
9789
2404
4204
9411
1300
2416
2892
4451
3817
7318
9995
5027
2890
4514
7189
1398
241
7921
9132
5988
2853
7284
9341
5898
3014
4364
405
6381
1502
1256
7424
76
7527
1357
1558
2909
9427
1446
1879
6046
6550
4091
2475
3488
7521
5985
8241
1026
2615
8930
315
6299
3620
8671
2507
3087
3838
2528
6882
510
6961
9789
5975
8972
9426
6737
4050
6999
2876
9596
1725
5444
4464
2298
4620
3341
6059
6730
4015
355
8400
5797
5935
9104
4039
2219
7629
8903
5548
8938
5248
7880
6461
8272
5893
7288
8784
3058
4413
177
4288
1426
4521
1785
8663
9592
4715
9963
568
6624
4920
3635
9443
922
8500
6019
3044
5630
5126
4925
7842
7549
8185
3285
2412
3869
3622
1972
7504
254
6549
7576
9877
1190
6111
3282
7861
6245
9813
934
9222
4895
8435
242
8548
1308
1236
2170
9293
5367
1956
5977
4656
1061
2759
200
6128
2555
9274
6937
176
7332
32
8746
7947
2328
628
19
5092
7634
3728
7062
8410
4620
1759
6239
5666
1204
6302
8673
3353
6567
7057
1659
5815
6331
1277
8790
1124
6119
6375
5559
8884
6515
4822
6062
1181
5188
6976
5288
5863
5753
4708
9550
3226
8857
1164
3628
5842
815
3833
8709
7802
1254
5444
1035
603
5574
3307
3376
3544
1927
1989
8579
5718
10
2074
5358
1703
7932
7800
8959
6349
1615
2838
9675
8903
5949
8321
5792
8139
1496
7674
6098
1968
8910
7296
9965
2336
5281
6269
8347
3742
1115
5137
7782
6007
1075
9222
552
6291
314
7698
359
1248
5210
989
6334
6340
1825
7090
3420
8563
5569
6824
5743
7879
2044
6681
684
2731
56
8818
2718
7917
9060
5643
9505
9629
4883
2282
8565
7990
8898
9295
5590
5802
7184
8740
7176
4013
7248
7957
2880
8307
8053
218
1368
7581
1587
4871
8622
8228
3948
7688
3062
7526
2004
9249
503
8251
6956
5896
3274
7389
5053
3110
8909
4934
1649
3750
4848
7771
1304
5636
3098
7915
8577
8620
8365
704
1428
5503
5318
517
6177
5159
4477
2186
2764
1518
5929
2485
9408
7489
6016
7664
2754
5784
7417
628
7003
824
5619
873
1537
9138
2808
7574
2204
2720
8186
833
8144
2035
7444
2450
7166
2767
3443
6698
7386
4520
8498
4844
1287
880
9543
8774
8561
8809
9576
173
4812
7676
4464
8325
9021
9693
9913
1633
8292
4492
2123
929
8674
6735
5326
8749
8244
7203
6802
6983
5248
5474
8056
3740
2266
4727
1031
8987
9699
9759
3815
5895
1586
2036
8085
616
1267
1354
9224
3765
7915
4865
5918
2033
4680
3488
8821
9242
4571
3425
8606
1938
2146
1976
6985
1051
3035
9429
6292
6779
9694
4745
1974
5763
2372
2551
867
3589
7756
2753
7914
9502
2317
5665
949
7343
3424
2361
198
1614
7515
2793
8808
7836
3268
8182
4883
6403
8651
6186
5504
8304
5106
8862
2764
1317
136
4762
4169
1635
8229
9252
2182
6994
4351
905
7242
3675
6024
8171
7105
7262
9687
1746
3714
8652
3900
1788
8107
7200
5986
9167
1129
6366
878
4242
2623
4924
8685
6254
7282
2233
2702
1841
7261
8305
1002
8910
2909
6169
5042
2604
3040
137
8873
470
8940
2920
86
4670
9628
9718
7969
974
1942
8500
4905
9187
2600
5601
8572
6600
6278
6764
4296
323
1726
8303
9012
1207
9620
1152
5124
9972
4157
1808
4063
2248
1855
46
355
5714
4380
8145
5253
9185
8973
8901
5722
3470
2954
9070
5608
1490
4350
715
2486
9659
6057
632
7205
9037
6919
8491
4065
866
5570
740
7960
9240
3549
2602
1666
1953
9565
1500
3443
2011
2903
664
7990
6114
3976
4068
649
8756
9169
8494
6681
6352
9916
7115
1003
3732
8962
5217
55
3207
7508
2863
7501
9500
24
3721
7814
2185
4912
112
2204
2273
387
4303
6747
2839
1210
4625
4852
9695
2303
2485
9910
8864
6465
465
5948
2743
7269
9544
3625
1479
5106
8200
8034
5385
6167
4832
6490
331
7357
6407
3254
4766
7214
3974
441
7229
247
4048
229
9843
7912
3653
9200
6493
3889
3483
9446
1596
5743
7758
3654
8893
3358
384
1298
9081
9891
33
5087
5031
6621
1200
3256
424
7049
8485
3147
7405
5917
5305
3023
9704
2028
1911
8046
1447
9772
5298
4117
2319
3519
2545
1795
2957
8255
6711
4898
2368
3841
2827
1112
5396
2147
2365
888
9751
8358
9448
6812
7231
7002
9298
356
6143
5652
9918
6494
849
3002
9943
820
7327
3090
8312
7406
7086
9644
4607
1850
4645
8314
2605
669
2666
2908
7251
6748
724
9187
6328
2352
8144
1989
3654
5917
7781
999
1525
2825
9158
5545
8733
2778
8101
4465
1544
6369
3617
9072
492
8348
9059
6479
2190
2465
7162
3341
6486
7367
7502
4393
4922
1531
8882
1305
2197
4898
4177
4337
8592
2550
3452
8111
820
8455
573
9124
7869
3531
9534
8939
1564
780
2133
9673
5972
5498
7274
4041
6026
6259
1167
3866
890
4840
5021
8009
6469
8765
7365
6351
3680
6091
1736
719
2700
5203
9696
2224
5990
7672
8331
3747
1782
2143
6106
9148
7219
4157
4386
2728
8465
3109
6605
2810
3072
5449
7598
3513
3839
4911
3634
5335
6391
1005
4911
9281
6528
371
9980
3824
7966
7705
2329
7713
3577
3889
8602
3941
4605
5170
5297
3562
4754
1278
4783
9172
4254
7397
2357
9087
4627
4641
6585
7462
197
395
4785
6881
4712
1731
7671
7648
5891
1158
7338
6654
6288
8646
1365
4676
8093
1674
9955
5995
7321
8968
5783
6244
3582
4833
3147
244
5587
2546
8051
7320
2844
1957
2554
2214
9556
1601
8388
5459
5260
7008
8875
3060
3385
3526
4417
8068
5850
4311
7316
4154
5636
5841
645
5791
3254
1874
3954
7059
821
5508
7791
1862
6643
4319
9338
3957
9894
9128
3400
2777
7227
5906
3842
3211
2339
72
1214
7032
5076
1360
7170
3963
4714
4853
9266
2217
4606
7319
6774
3248
2235
3021
7628
5252
7597
1415
9017
7404
2093
7532
6529
6330
1017
1267
5205
8997
9205
8439
1654
8790
5788
4857
2601
7020
9652
7437
3146
4657
7260
7782
4887
7433
5362
4668
4672
3637
4057
4647
9924
5235
2874
9912
1438
3842
783
6800
7737
2145
663
8526
857
981
8942
1891
296
5541
9142
9205
2230
2238
9751
8615
5390
8016
3821
5188
7080
1006
6185
9609
3837
6368
2960
7159
6153
9775
166
3923
7187
3040
4202
3568
424
9530
3529
9110
4527
7058
769
5796
9829
3987
4546
2611
596
4425
9469
3854
2070
9241
8781
4661
9085
902
1927
348
5626
6996
8303
3712
7526
4874
6168
7754
1091
8745
8810
2098
721
5076
7489
7124
2368
1978
9368
7618
9913
1815
8423
6070
1842
7590
3433
6640
6708
9058
6728
8535
7203
2243
8049
7451
9356
6681
3399
1854
400
242
7173
6955
392
4903
6323
1873
5552
9040
778
4052
2113
5532
2419
5971
9134
5327
1591
7206
94
7547
6922
6210
1427
8673
5717
8530
6967
8368
3847
7159
3222
3047
5125
3698
9120
4695
2481
4547
7941
5674
6992
2067
27
7509
669
9868
817
7146
2143
1078
2683
6233
3186
9610
4050
8848
833
9526
3460
6860
4941
5707
5728
4851
2828
6232
3457
8885
2019
9386
1701
8514
7134
5793
9058
5057
8305
2999
9931
1396
5535
9523
4004
1141
5103
9178
923
8547
6338
2539
6232
6047
8487
3658
6882
1719
5347
235
6438
9341
5893
4249
9399
5013
3971
3725
6473
3263
3517
822
2633
4641
3922
5263
3487
8266
4688
662
3122
7346
3190
3138
1670
5681
1875
6519
6895
6430
3597
4609
7171
8761
3550
4790
3450
6894
1929
7123
2870
7318
3470
1180
7223
8603
7386
2175
7613
748
7017
4607
1269
292
3147
2435
284
333
3926
6643
9992
7032
9273
4350
3871
4599
4211
8958
3635
2147
6052
3324
186
7989
9618
3252
5807
3193
6934
7069
7804
8996
450
9780
9783
8308
5584
132
4572
915
1844
4119
5346
4598
5585
8168
3711
2638
6174
4901
4349
928
4905
9656
7373
4379
1638
4109
2354
2794
3241
8921
6062
3777
3061
4415
6778
8730
2082
3267
5407
1328
5700
2072
5483
1603
4364
4864
2580
2022
3173
8989
3359
7092
4329
6761
1250
7524
760
4300
6050
9593
7797
4236
7608
5630
6241
9486
4879
7946
7286
7374
4619
8961
502
1876
7115
8237
5101
8770
1356
6610
2580
6850
5779
7259
1702
1048
7392
3036
8617
8959
9651
6120
7903
5822
3262
7090
1197
6585
9933
8040
1860
2626
6132
9925
7154
10000
4789
8900
8157
7645
4845
9959
6400
6212
4045
5654
8254
8323
9095
1912
2884
5261
5120
295
5139
6496
4201
193
5936
7971
9888
6617
5812
6830
474
107
310
2452
4122
8707
2717
9175
3041
6754
44
8736
395
2856
1148
886
8335
1385
379
925
4786
6626
7907
8372
6143
5738
778
2278
3513
3972
5167
5494
1276
673
4203
2951
3160
346
3007
8693
9967
9285
6981
3474
466
2008
6186
1565
7560
4699
4571
985
1399
4504
6823
4547
5523
2838
8796
4435
1277
2366
8202
6297
2166
9484
1544
6116
4597
5321
8805
4746
6930
2863
2691
1238
9842
2741
7409
738
8928
8813
7200
1507
9351
741
2047
9756
6156
4826
4623
4731
9035
5253
537
9282
2845
3755
405
5701
4331
641
7139
4413
6253
7344
3941
6865
7026
7518
4236
753
5670
6599
2884
9536
6599
5839
4456
4634
9344
2443
4612
6326
5016
7693
9281
8329
464
4903
7215
4069
8745
7240
7581
9005
295
1405
4144
2195
5821
4552
1385
1505
3616
9789
4765
9070
4139
4010
8934
8796
7353
2554
2414
7894
3719
9137
4902
2280
975
6727
8421
4900
6956
7021
5713
8777
2807
6543
7597
7556
3270
4950
673
3009
5156
7588
9574
4814
6273
5382
1445
4544
9282
3616
8110
35
4937
9914
3225
9897
688
706
8964
5820
8995
8816
6076
1583
683
1270
9121
8002
3892
7473
9194
7625
7213
7394
4097
3418
5110
2396
8766
8206
265
5635
748
1910
4695
5963
6362
8187
2824
3342
4287
6790
1237
8672
6620
8340
3168
8653
2947
2158
9813
9039
2369
3361
5094
3570
756
5613
238
7450
995
6294
9746
1990
4076
8575
9419
8345
2218
2671
8731
5660
8198
5705
2235
4906
762
8577
5229
2993
3904
9751
3045
9831
5461
910
8269
6816
6907
2461
8329
8900
1664
9542
7670
6738
4547
1722
9177
2278
6846
3085
4100
1764
1776
6609
1313
6995
6991
7708
4923
4851
2988
6009
4230
9975
1029
9844
2671
6799
1254
402
5625
9277
9477
1694
3337
2352
1037
9086
6681
3224
5933
8635
8841
1315
1693
8994
2666
5307
2297
6549
3509
3108
3777
1453
2697
84
1113
3151
1174
3176
8428
7596
2381
8164
7622
5172
1441
2436
737
8265
6996
4719
6247
8842
2675
1417
2961
2355
2638
8049
8799
1183
9267
5961
9685
575
8360
4420
2264
7783
4048
10
2215
9334
1070
5496
9679
5411
3725
7348
2343
3602
3505
2589
7395
5005
5936
1028
9521
8171
2710
5729
6455
4751
5766
8089
9266
1146
5642
7558
2959
3800
4555
5827
5385
8732
7644
5127
5344
5669
5690
2306
4185
3479
5376
7246
5610
2255
9598
6033
539
1362
2310
7938
4474
58
5356
3178
3302
7624
5280
120
8312
7141
6021
5437
3431
9403
7771
7802
8382
3883
3107
5793
2864
1187
1908
2990
6309
6770
4710
7486
6296
8007
8654
6480
7322
6777
8315
7634
6304
4204
4524
8809
1968
571
3376
6756
5653
8293
9251
3870
3469
5237
8143
7894
9690
7745
1120
7437
5716
7605
183
5960
7072
6692
4029
1464
6428
6414
4161
9045
2437
9100
93
4726
4520
8646
9400
1412
7815
1526
877
2046
2662
4174
3585
9743
5108
2162
7132
8719
1014
8184
3012
8933
6963
2758
5104
6413
5319
8801
2612
363
4797
1333
3625
8620
1456
2498
5546
8707
739
3261
3226
4481
9314
6320
8303
8856
5222
5810
3445
6929
4368
9817
1396
2675
4531
6901
4129
5578
8124
1273
2617
8630
8674
5986
6993
822
4325
1976
7088
707
6458
25
5397
9321
7886
6730
7055
3966
7660
7380
3385
6876
2111
9379
9362
9113
5960
3165
1173
3771
4298
8371
2472
7128
7744
3874
3877
2531
5671
7674
3112
3985
722
6125
6101
7866
4725
7167
5095
6015
8524
781
5945
4748
2226
5935
9565
2054
366
2129
9856
7967
1155
843
5527
2896
6878
8251
5724
3542
6616
9079
5723
3155
228
5915
7537
902
9630
9319
1065
1549
6737
8209
3808
2886
9401
3714
1782
4404
49
2962
1237
8043
2081
7999
7668
5850
1266
9005
5797
7168
1864
8956
5237
6047
3596
2575
5908
8655
6028
9060
1154
4990
7730
7374
5248
9843
3989
3704
8620
576
5084
2688
5653
8612
9938
7025
2712
5933
5921
3673
6555
4129
619
4455
2218
9432
4681
4253
9172
6820
5189
2047
7946
3288
7805
5236
4473
9312
6658
5511
723
2575
2682
7601
4528
6313
6703
1250
8029
4263
5233
1226
1297
3899
5393
2629
5854
5801
1048
8344
6470
868
2649
7449
5361
2733
5644
533
1804
9640
7945
3435
6558
6189
6804
3806
9743
2285
44
7265
9151
9109
3406
2893
6151
8930
4591
4809
8144
8391
4647
3935
8986
8727
7872
8673
1460
8416
6779
1289
8768
2617
2531
3005
8951
8533
7261
6218
8770
7822
7926
1456
5371
8574
6254
9964
1727
2900
9759
5139
6089
3909
6209
3478
1584
7294
7784
8184
7224
7269
7094
198
9291
6850
5554
4384
4645
5066
6424
6648
2613
4885
4845
2886
8020
2396
1098
2939
6992
1478
7232
4709
7757
3049
9619
6418
5989
9137
4734
3029
2137
415
1947
8920
8824
2885
4013
1844
5044
6648
7648
8216
1376
8422
5295
8090
5102
6276
477
4213
6755
2430
407
8095
9029
7335
8149
350
4529
2865
3412
1375
5704
1598
989
5475
9046
990
5374
131
4546
1358
281
7358
6948
312
9291
2912
1388
224
4263
7471
8518
5312
1369
9545
4162
9349
8482
2128
5855
778
3563
6572
633
9896
8463
2283
4922
5853
4690
359
9649
4547
3861
2905
7444
2637
1655
7426
7590
1964
1228
5381
3682
446
8321
9541
6077
7043
5097
4231
8169
8767
7930
3646
9799
3883
2269
298
1694
3075
4252
6636
1930
9180
4259
1336
176
8482
425
2922
7150
6109
7867
3864
7781
7222
3133
2359
2672
115
6416
7883
3830
7088
2670
5573
4711
5630
9857
7619
9152
9836
4312
6694
3979
6832
1917
7003
4599
406
3599
6676
6198
6798
2482
8331
7321
101
1747
115
7655
333
4470
9509
6831
3066
6111
756
7696
3937
6020
2678
5007
2526
3282
6603
8543
6128
1817
6578
5955
39
5278
2726
5739
7587
567
8839
6686
4907
6653
4996
3920
4991
5831
2309
4577
1993
1816
8068
7842
1424
367
3126
9072
3451
3809
9609
6554
8823
3801
2994
6870
3806
8916
7907
3996
4095
2071
572
3098
894
1130
6638
6252
7331
5430
5170
9384
5645
5085
4519
9020
1241
5469
997
2726
4943
1065
7651
2829
6694
366
7538
6915
6135
5827
4669
5102
8619
1914
1769
3550
2283
1850
1724
7004
2444
5233
349
9522
7945
4439
5049
4973
5180
6588
5661
3662
5841
7318
5133
6417
1423
9446
5662
8543
9645
2547
852
6972
7106
549
2010
8797
8201
8864
9203
3894
2585
4946
111
6605
6458
1790
1240
1955
9754
6383
4228
3812
5241
5821
1338
6126
5209
1680
1416
5978
5515
3463
1808
9603
3107
1096
8834
5546
4154
1060
3761
7668
6081
1472
2005
8960
8084
2367
537
1457
3380
9657
4907
3445
5537
2724
5272
6488
6332
9458
1682
4992
1540
68
4484
1195
3049
1567
7995
3076
8930
899
4180
9697
113
9850
9236
3713
210
8184
4485
7205
5903
7796
3107
4109
6903
1955
8020
9278
2326
2986
643
3239
4939
7243
5451
5206
9140
7351
7048
6322
9445
923
4986
9487
3111
3291
3939
4163
6704
8372
4335
7572
6702
6528
6288
7306
7022
2201
6965
252
859
3309
6194
2442
9673
7852
2071
4787
1026
5101
4552
2730
6990
1397
5757
6761
3703
379
4305
4772
2282
1929
2062
6048
7390
3996
9580
8835
6581
9701
2729
2640
4367
1058
2632
2936
985
4676
6182
4543
7348
6881
4510
9309
3675
5896
7159
1531
8680
946
6517
7318
5057
8085
7209
9240
5665
8393
4714
1998
7892
7653
9122
4628
2398
7456
265
2233
4530
1668
4091
2389
5683
1190
9122
7973
3739
9932
6457
5798
4406
769
3412
1125
9563
4327
9368
8592
5101
8360
9761
9387
8352
8175
9459
2253
655
4495
2900
6741
4747
6277
7787
6592
7436
5071
7523
3807
8021
877
4563
8504
634
2707
6884
9308
3877
9757
4408
4548
7099
6024
5924
8854
5157
7587
1703
3786
5553
6683
5365
1340
4128
6925
5896
9747
3595
2136
2672
2313
1635
1915
6278
7238
9270
5306
9992
8436
2716
4957
9260
3431
2218
2719
4884
9229
4159
3227
1724
3686
881
9233
6956
5355
2713
8121
3614
5215
2157
2309
2091
3651
2210
682
535
121
8921
9198
5937
340
8541
2708
4618
9226
9586
5562
631
533
130
407
9806
3074
305
82
6269
6775
1681
6073
3641
2215
1897
7002
5828
7129
7647
1120
2242
9833
5571
1868
9470
7750
9630
8797
7143
3980
5290
8713
1390
4291
882
338
6819
9201
5443
6348
5260
9061
3285
3824
3911
7709
6529
2464
2188
9610
7437
3573
1179
4061
6681
8939
6579
4202
9022
3870
3164
1345
3660
3063
3732
7948
4196
2990
7632
4110
1132
2996
3735
7418
7859
4229
6432
5931
6930
7987
2455
8622
4188
8887
8899
2964
5941
429
4490
3369
4296
4408
74
167
365
4997
4578
4639
6745
4698
8029
6185
6906
2176
9397
9854
3170
2609
4945
943
8382
8937
3857
1627
4733
6611
1419
6589
8936
6945
755
1329
4465
9146
2955
4129
1758
4534
3971
2354
6792
5882
4175
3282
5966
2638
9570
3026
9829
7433
518
9372
2625
7096
4608
1156
3598
254
5509
9347
2312
1921
2731
6829
373
3481
6683
9800
7465
5289
7644
6374
4456
8494
2586
5371
3906
9321
9256
3049
5805
6836
7649
3484
2191
5515
6151
8203
911
3085
5550
4108
5960
1001
1344
1525
5067
9329
1679
8328
6192
7154
374
3806
7544
7981
8057
2378
4265
672
4709
3826
1462
5452
2426
4919
5886
346
3578
4835
3328
1802
3472
6323
7554
3116
7119
2321
837
8664
7016
8523
1087
8121
4871
6248
2540
3860
3874
1153
2907
6523
6019
6815
2264
6490
8077
9093
3356
2202
905
3695
83
2622
9908
747
2484
9672
7704
4300
2212
1996
8935
5404
8195
7048
7606
6135
8866
3922
1184
9784
7998
8652
5208
7648
4418
9580
2392
7446
4060
4208
7769
4135
6165
8106
1521
5920
4695
310
1382
2878
4495
7857
800
4372
4583
9225
7696
54
9621
2882
3614
6534
4319
1849
2224
9986
289
7122
1062
5967
6561
3172
7319
6811
3895
5579
8213
9128
1236
5428
6362
4461
5721
5572
6792
1867
3804
7799
5584
7893
6365
1601
9582
9738
7830
6785
6410
6987
7001
7878
9890
4745
7676
4119
6248
1948
2311
1398
8846
8763
2861
1027
4106
3611
8771
405
5188
8859
7172
8700
3409
2006
4252
7036
6914
4409
4592
6461
2150
8706
4111
4943
6238
7693
4619
2932
9945
6735
3726
2113
3410
2676
3848
9448
674
2734
593
4352
7005
244
1764
9636
2405
3230
8293
7436
6377
5663
4007
9609
6538
2733
2462
6804
5600
5744
1300
1816
7211
2323
2172
5470
808
9517
5813
4516
2768
4080
9668
3891
9903
9725
2647
4322
5470
1541
8976
4264
1615
2769
1391
4459
9931
1578
3937
4909
4675
3575
5991
2195
5452
6264
4256
1261
2682
6766
4569
330
3423
5395
7270
9815
1075
4702
7350
9018
6196
2394
7079
3727
8540
5979
3869
6483
259
4398
4637
8221
8071
1503
3328
8878
7035
3504
6132
8949
2188
3146
1006
1130
7005
8713
5941
8049
2676
4812
6000
8859
9068
1922
4477
873
5866
6543
5431
4921
9209
8121
9436
518
1261
7403
3740
9677
6165
3676
2441
2419
5158
1993
4114
6292
5796
4854
3754
1596
9199
546
7177
5621
7956
4659
1188
422
2403
3591
984
872
6983
950
6867
4650
4898
1519
2281
7956
3764
8568
721
6586
7854
1066
8416
1023
4912
2833
7107
9420
7232
5464
1025
2531
678
6188
5039
5468
2032
4336
9263
8297
637
3014
6121
1433
1673
6166
4685
1427
5693
1388
7204
8145
7420
7921
4314
1038
2870
1617
4030
1457
8719
439
3493
1558
7006
1422
4581
7041
7143
7115
1364
3562
7808
5704
3571
9147
1679
6920
1422
7478
6176
9533
7876
1571
251
1094
7324
7610
6101
8305
7359
5452
8408
5758
1477
801
6680
3078
7474
2755
1136
7122
7327
524
7405
6047
2288
9911
7295
5331
4953
3979
2265
6442
2181
325
551
1523
6104
4084
6693
1049
3773
1987
394
8339
3977
2356
7509
3504
7787
5467
2865
5769
7906
7530
7269
9929
4921
646
2732
5775
6820
3661
8275
7539
5507
3873
1488
3758
3425
1647
5088
5294
4522
6635
4549
9655
4500
5300
7705
4381
892
7430
954
5369
9847
4741
2692
669
1654
1053
232
7529
3832
1489
5758
9265
1329
4978
3467
2723
1410
7008
4983
8289
5860
4970
4720
5659
7434
5528
983
4778
8432
8734
6668
9306
9561
2763
7543
7833
2680
8933
3576
7228
6424
1872
2006
5567
5149
8543
2950
2549
4426
9533
7811
791
7888
3617
3646
2392
6440
6247
5671
7981
2983
2843
108
1066
1389
344
8586
2098
8128
6928
7598
6861
7856
2747
9023
3712
6182
2646
3666
8577
809
9289
504
549
4427
6629
7270
357
2563
4660
3962
8677
490
4379
5751
1461
20
5489
4734
8037
5315
9461
1943
8288
3806
1638
2615
8944
6838
248
7265
5798
4461
8017
1009
1575
5750
7908
9706
4834
1051
3884
663
2630
8861
952
513
297
5170
8745
2708
6492
3735
9074
7157
1457
1821
2110
832
8117
3199
6602
1035
9940
5985
6245
1113
8257
4763
8173
5571
7697
216
806
5684
6101
8835
9935
1361
1803
3462
1237
6518
1392
6750
6186
9792
7474
5167
99
3605
7407
779
3116
909
4577
2394
131
8148
6189
7031
1395
5495
6137
5204
1990
6624
3397
8738
9775
609
366
4668
9422
3544
2175
6498
9257
7735
9240
5408
4239
3288
266
8656
6352
9747
4130
4924
9754
4048
7596
6524
7477
4915
4963
7864
7462
5231
7597
4530
3559
5604
7765
8165
3440
7170
6548
887
7369
9005
4742
3255
6551
2680
7042
420
548
5950
289
5226
4188
4520
4609
3106
1494
1023
1607
224
683
7174
6797
6999
3093
8517
1037
4210
395
1411
4414
4348
5212
9285
309
1671
1128
1492
4578
5671
2834
2322
5927
899
3593
5653
4053
1741
3605
1105
7559
6455
5239
3493
6999
7075
4216
6579
6539
6523
8242
2907
7844
9895
4258
6474
5224
3752
3988
8497
7481
1828
5024
1256
5663
7378
2961
7382
7084
205
7739
9138
8889
3706
3890
7585
2669
9539
7821
6833
1549
8238
4117
627
6661
9746
7973
4070
8580
6316
7480
3310
4203
3931
7000
8710
9039
7186
1381
9008
6149
1392
6249
2121
3250
9576
715
4
961
6920
7180
9388
8576
3118
1390
7460
2953
472
2284
7602
8975
6772
9479
2252
2392
442
9924
4356
1414
687
3536
300
1269
6938
2574
8895
8351
6442
9435
7587
4444
5685
6055
4050
2853
882
2580
3343
6140
5234
2580
22
4650
525
7314
6088
5984
6698
1907
2024
4064
6699
9399
7432
7066
8918
5538
6880
595
1090
3773
8564
4999
1056
2949
4821
8148
6196
6020
4239
1300
7203
1702
6247
8468
1924
6925
2356
9694
2039
970
3891
1565
8997
9102
8086
1867
4946
7318
8865
8364
7410
292
8807
812
5107
4018
1334
9877
6088
1780
1323
9560
2611
9213
4584
9300
4070
1772
1658
7968
8019
1514
3801
4391
6106
2597
8401
5154
5966
1996
4496
426
3491
4259
4918
2590
8066
2192
7165
2545
7375
8402
1079
9512
5939
3316
9888
5753
9395
3385
4266
2084
9457
6490
2843
6503
9726
4768
6557
7857
6471
7515
3716
3933
5099
7219
5352
19
3566
2355
6439
5809
2188
718
8691
3191
8909
9866
7039
9530
6672
7002
576
670
7008
2224
5691
1406
4983
7115
1012
8911
5806
5678
990
8805
6122
9551
8549
8562
4536
4774
4100
2878
2679
7696
2526
1976
4169
6427
7657
6727
9405
3071
6362
1209
7434
2358
1039
9893
7938
4825
6030
7064
429
9968
6879
5282
7192
2575
8594
5781
9393
7330
3541
4162
901
5228
9208
7939
1352
5077
2818
5202
5279
9746
8906
2954
798
9885
2844
9839
5341
545
1292
5893
9741
909
6803
7687
4346
6875
4023
5960
4960
2996
2801
6920
5490
5285
4930
1927
8901
1377
7681
4382
3172
3811
6739
6326
3134
116
8988
9979
4998
5983
1544
3745
2017
4765
2356
8432
2172
6398
3599
8939
761
8884
9281
9760
6149
2984
6677
9329
4779
9979
8527
4770
9565
5421
6568
7625
6462
9095
919
3137
2571
5912
8130
5858
9930
1648
283
5267
6013
2117
6010
9929
6152
9633
909
3644
6924
1397
3388
790
3951
9891
7530
5671
1854
1701
1923
6143
2396
9915
3770
7493
5821
9756
9925
9345
2768
4269
4173
5220
1304
8360
5051
9812
3859
4277
8436
5750
2620
3668
4238
3298
7489
6518
6722
6119
403
9448
4785
713
9125
2580
4716
7745
1793
5492
8766
5751
9025
8341
7120
2143
1247
9817
5116
7856
3758
6509
6130
2846
3627
6761
5412
4826
4872
8616
9869
5076
5669
2799
1806
1203
5625
8462
6923
6999
2976
4984
6961
9357
4531
1317
8485
1398
7519
999
8724
6455
9833
6814
3281
1407
7402
1537
5662
8777
8083
4153
2822
6180
9419
8869
9401
6728
2677
6259
9109
9996
3330
634
7167
4282
4129
7253
3379
6176
4282
7695
7614
4867
2891
6649
8670
5456
7781
9165
1004
1882
2447
8014
6988
6740
8712
2371
2941
9041
7781
7675
9197
3047
1841
347
5120
1392
693
1563
3007
992
1160
9143
582
5767
2625
9090
3866
6984
7761
4862
328
7422
4623
6490
465
7116
9028
3013
8973
9330
7289
1741
3287
9466
2285
4145
8941
7866
4736
9506
7617
97
2074
4482
4351
2499
1074
8242
6371
9348
846
6088
1712
4080
7770
2667
4250
7289
4560
3473
1247
954
3590
133
1743
9462
2768
7012
4145
6710
3040
2366
2498
7636
253
9613
4555
1868
5910
9742
665
5321
6866
2779
3206
9866
9405
52
8984
8312
1352
860
2552
5095
8759
1390
1513
7941
6145
8195
4900
3502
2464
7414
3973
38
4094
739
2025
1310
1136
8739
3149
1519
2077
5185
5481
7912
3190
5233
3759
1477
5272
5842
1678
1938
4282
1647
6099
959
6948
8284
2201
1334
1656
8047
9113
6488
454
593
9583
8768
2378
3805
4880
9546
1800
4497
5164
5724
159
3481
4530
1861
8336
5860
6319
7742
4996
3948
9856
4715
9605
1657
8695
8705
2507
6585
3650
9324
9013
6774
27
1513
3098
8218
8858
1943
3063
1118
2976
7808
8244
3840
7861
9859
1639
1439
8235
3358
3185
2263
9334
4786
6706
5906
3895
5386
9820
1620
7496
2550
3142
9093
517
1886
684
2613
8603
6956
7982
2769
4766
7302
3197
8616
6505
4780
3651
9991
530
6377
7439
9428
4994
5828
4879
2916
6020
441
8100
2005
1713
4925
4486
2798
1649
6681
6506
5459
802
7685
9886
1685
1141
7735
1061
1733
7472
7600
1639
4108
2177
1000
8243
9819
4672
9001
4578
4720
2364
6231
4485
8192
3495
2301
1419
4551
5
256
3903
1878
3265
5531
8743
8971
4868
6247
3718
9875
9716
614
9425
912
1082
7008
3709
4429
3489
9026
8127
7965
112
8415
6885
4675
7396
627
4584
8935
3837
5238
5446
3116
4506
7191
2653
7924
6900
8277
9212
4661
5514
1950
6635
9989
939
455
4928
8033
261
173
8562
549
201
7533
786
218
7168
5176
3720
1137
4056
2257
3942
3897
5008
7544
7983
1145
9076
349
535
217
2814
721
6921
1033
8585
4137
2407
8198
6280
9942
4491
1216
3364
401
4959
9783
4046
2313
9335
749
2500
9965
2015
2502
3848
7397
3219
6191
8277
6464
9160
3458
5123
1176
7676
8594
3645
4247
2227
7335
5541
8510
5129
8484
7294
4917
7586
9704
81
3972
3224
1038
7669
8850
2986
717
2516
2925
8153
120
7709
7896
5032
9557
2857
9247
7349
1069
4678
2597
7758
7637
287
3395
9137
1114
9614
1017
9758
3213
5233
1400
7766
4
2511
7717
8977
5476
2346
4060
787
5338
1293
6264
7893
1877
9563
3803
4025
7956
5292
3506
7376
1035
877
1778
4307
2914
9410
6882
9638
2063
6454
5418
2268
8222
853
513
7501
361
3691
4560
7080
3251
8851
5129
9405
1056
3971
4
6028
2854
3917
8159
8753
3094
7255
6338
4854
6922
3097
6357
6884
9007
2024
7888
6498
3715
604
4015
5210
5532
2201
4453
8083
2227
3316
5359
3817
1182
2715
2731
8510
9561
1644
4243
1999
7812
3067
8086
3428
567
2667
1149
4622
5887
6854
4074
5605
5076
2881
7149
8082
6615
7268
8218
1270
8483
4936
9383
675
3542
5760
1540
8509
9990
9965
1288
4706
7583
1277
4573
5196
8382
9120
4515
1787
6391
4943
5606
7068
3766
5558
3678
2444
2801
6914
790
2275
4815
4840
6319
617
7089
9630
4470
4874
7389
3391
7521
1287
5522
616
6350
6977
1269
993
7587
4020
9562
5927
7224
9003
26
1997
5161
9064
3344
7538
4199
8361
8867
4072
2716
9529
5512
1762
4024
289
5088
2114
3331
8419
4703
9996
949
7960
3608
1649
8251
6093
3385
5919
9015
4040
5084
543
7101
6998
7420
916
4875
9888
7335
4280
7594
6380
2000
3489
8474
8297
6911
8760
5192
2447
2917
2487
1461
7176
9154
7547
6801
6200
733
9426
2860
2761
9607
6690
8799
1007
4725
6086
4222
5018
8375
558
4177
9194
7074
738
8562
7742
8974
7503
8083
2872
3445
3555
5576
9444
1597
6499
3122
7613
4885
6297
1929
9320
1503
9860
9559
5719
1128
4845
4368
1385
7353
8790
8155
1358
9763
4459
2500
4823
3305
691
8560
6715
8960
1602
9899
6402
657
8166
6688
8197
1183
1
5662
859
6369
9644
478
999
6963
291
8943
4939
168
2067
3991
3806
3356
8413
332
6716
9365
3445
7372
3077
9688
6236
6972
8048
8487
3858
8875
427
5341
5445
7430
7082
1022
6737
5421
5865
2508
6150
6080
9727
7112
4145
8679
9527
2941
1275
6029
8350
1990
1713
4370
4810
5250
615
6278
5018
1879
7496
2294
4009
9332
376
3142
41
4350
3752
9163
3999
3025
7154
4654
5298
5255
7432
3246
572
6307
1082
2013
5977
4907
6851
2946
1547
4868
9010
3940
8982
9376
1906
2548
8889
2870
431
7122
9453
5659
1081
3341
5368
4467
8505
7356
5675
2000
3682
4966
9430
5665
3750
7583
7400
3043
8324
3713
9942
1779
8230
2728
6274
3437
5022
5458
976
1891
5724
9940
6720
4612
912
7690
873
3988
8560
407
826
2601
6905
9143
3923
1805
8096
4968
7258
6977
7611
8945
1741
9780
7574
3824
8971
7826
7172
9776
6087
484
3046
5606
2161
5120
8606
752
32
8732
3854
6693
5722
6248
6176
9824
938
1868
8962
3687
6718
407
8637
4432
4217
6506
406
9495
5530
8072
9440
596
1664
6321
3284
350
7145
7175
3749
8525
7137
6754
4337
8311
8734
9579
6445
906
2310
2384
1808
7725
2475
3595
1011
5588
9799
1792
5125
8295
1081
5844
7729
6781
8274
3394
1479
1841
821
4058
3041
171
9982
4535
2034
82
5644
5235
7774
1688
4125
1797
8187
1192
9708
4534
3531
7468
1430
9923
7921
6979
4495
4765
4706
5736
4643
5004
8811
6447
3189
6552
7798
255
7344
9596
4647
7244
1231
6075
5698
1753
78
7523
9150
2250
5134
2502
9180
6584
802
3960
5084
2433
3916
4841
7217
3916
6088
4262
8836
7171
8028
9450
2554
9323
3171
8968
1646
126
5655
5835
9952
4551
3473
2472
7900
7415
7583
7694
6167
6022
1900
909
8336
7856
3655
4304
5546
5278
4008
7592
9559
1386
8116
9863
2998
3277
588
3328
5265
9728
4018
2530
6381
9568
2251
65
3374
8465
398
1184
726
776
8064
2105
7472
9800
6929
1896
9607
4985
1331
2774
648
1406
829
2684
8929
9487
4116
5329
2690
6097
6823
9509
6252
7777
1395
3372
359
9867
5297
164
7643
6734
3905
926
3914
9234
5493
5055
3504
2490
2191
1968
8676
1554
4565
6575
4967
735
2735
2228
5977
6276
2140
1004
9215
7391
9509
4144
9603
4577
3182
4873
6794
9910
8902
7565
1214
8650
3341
2354
6722
4781
3155
8975
7197
6090
6782
1527
5204
630
8049
3261
4929
5573
9519
2728
9621
142
560
8773
715
8030
7370
8302
5659
8160
8813
1748
6799
3334
7332
8199
364
3387
8016
1729
9056
1423
7233
5272
2277
7911
7225
7076
4502
1546
7436
2626
8107
3174
3611
6456
2574
4633
2551
2111
303
2814
4489
3671
3966
2760
4976
7351
2987
4178
3312
504
709
6085
6420
6103
5422
9128
7077
3442
140
6567
5072
4961
9283
789
2066
6895
3000
4587
9607
6176
7446
6223
7401
1443
180
4112
7787
7933
36
7110
8046
6489
9923
2284
96
8601
8941
9323
9118
638
203
2987
6609
3977
2932
4474
5604
5234
6810
5623
4789
3573
1836
3784
7019
9554
5822
8528
7235
2853
9875
4139
5994
2995
2786
8977
8166
5376
4200
7711
8388
7998
4256
7061
7597
6350
4982
3321
8648
9969
1611
892
5581
2600
4950
3173
7315
9385
8680
2780
4665
4206
6773
1653
3537
1187
6742
479
1399
5970
2544
9780
5684
2780
4112
6819
9037
123
5140
1663
3513
9601
2274
266
2721
3440
1290
3200
4226
5831
2847
5913
680
2066
5833
7787
1549
2141
5687
9133
5885
7364
1116
8717
8107
5827
9901
504
988
8216
9539
9577
9216
1478
1507
2635
9164
3807
1121
9025
881
374
8717
4564
8304
9349
406
6147
1638
2551
3337
4044
701
2760
6046
6960
3794
8305
28
7956
3052
6815
5817
1713
3258
8391
9246
8842
8823
120
8958
2787
7580
8318
6964
8575
9253
106
3520
4962
7468
4120
1111
2667
1872
9084
7506
8833
2334
3176
9165
6849
5856
8358
6183
8660
9345
2611
5449
3712
4302
389
7773
4939
9839
1651
5340
501
9746
1829
7197
4420
5971
6475
9483
9102
1380
5383
669
3671
14
2672
1921
83
1417
4374
3195
7220
5777
723
9647
1488
7593
9540
3835
7245
348
4635
4170
2325
2859
8116
5613
1008
3315
8592
6531
6075
6701
6247
2210
3846
7312
3968
8935
225
4688
4654
5189
24
6705
7358
3201
8231
7728
1030
2101
1549
3961
5836
9276
293
1614
1330
491
9694
9379
1203
9368
748
3649
2203
1358
8472
1539
5591
855
5089
2187
6790
9625
7816
3505
9844
8910
1514
4450
5506
3257
4347
552
8482
3185
7930
3380
6836
3293
2531
9861
8238
2919
1976
6421
9648
4057
9176
1570
6646
4870
7407
3743
5494
9830
5460
4505
2391
4538
3467
2119
3990
7565
2951
8047
1596
8936
9127
7777
182
3331
1524
6617
2987
2051
6397
7177
8457
4436
7995
8288
369
2151
9558
4678
6198
2340
6199
6871
6501
3245
3976
7725
9768
7867
6125
2321
7174
7247
9833
1961
4063
9986
4450
9574
6613
240
72
3684
637
4946
920
4975
9954
4394
5912
1437
2531
818
2190
5147
1712
5466
3195
8791
1074
6363
820
1628
4210
7107
5320
143
2320
7406
9073
4043
3430
3984
7146
537
6312
131
6484
4055
2721
5894
96
2929
5287
4399
2863
7858
2297
80
8245
8862
8749
3845
5285
4444
1126
7123
1948
287
6729
1730
4764
853
9719
2659
6587
2337
5744
716
9068
2590
7968
3303
9139
4935
6396
8225
534
7199
6343
3043
4163
360
5747
2313
7641
2964
695
5625
8622
1445
27
5844
5219
1376
6301
3624
9760
7415
9485
1357
6207
5127
9923
1765
8534
775
7275
184
2729
145
6858
1874
1934
572
7040
657
9234
9858
862
817
8147
8430
9150
1457
9492
8617
915
5199
3057
6098
1352
3907
1896
3535
3544
5679
6432
5201
532
6054
1541
2038
7505
2039
9854
7814
16
3868
4104
7811
6513
2910
9418
559
2339
1190
5000
4382
4625
1266
906
81
9364
8034
8877
1163
9363
8246
4068
1666
959
7496
7000
6384
9156
1397
9671
5050
3914
884
7368
9820
4583
5389
9429
7110
7007
1694
8712
7694
5776
4338
493
1728
7488
8152
5198
9492
371
9471
5390
2351
3148
9290
1690
2550
1539
7826
7759
9932
9285
1351
8459
9741
217
9021
7039
8212
7373
222
9926
867
9517
5438
3444
5300
7438
9905
2195
9029
8049
4278
4271
7986
5825
7174
4269
5160
7197
3443
7900
9430
7464
2194
2597
8189
2380
4630
9076
3228
4685
3565
6595
8854
575
6883
8413
4923
4685
9975
9383
6561
799
7427
9503
7861
8288
8793
7300
9746
8287
3238
7500
9589
2779
3267
8257
3185
1187
1245
9229
5253
2825
5779
6987
3920
855
8083
1204
2335
4792
8950
6695
1084
4530
6796
3156
8065
252
1172
622
5923
7562
7742
5030
605
70
6257
6045
6731
5657
5978
8578
2044
902
1270
8554
9120
1156
6227
132
9280
218
2672
6620
9237
8544
200
4353
5541
6251
7722
7906
1952
7358
8911
9664
3160
4267
2622
7535
3090
1085
6563
7748
5425
2374
1014
5585
341
3492
6094
2337
1251
9149
9722
6328
6055
8399
4923
5731
2963
7946
2636
8389
7242
8019
5076
7029
7667
3052
5345
3740
8411
8527
369
3088
8086
4946
4223
2324
7469
7821
2913
2720
7531
1724
3396
8550
9688
3381
5782
4150
3118
401
1584
5955
7741
8568
5166
8707
8022
4181
8524
4438
3682
9669
1877
6678
2200
1769
1164
9977
8202
3810
548
9027
3844
5817
654
7635
6202
2584
9950
7688
7577
4644
7830
8233
5477
9385
5792
2093
1458
4668
6153
6435
1204
4223
7846
6349
271
5783
8165
2486
7559
516
2599
4463
7085
1884
9537
1434
2215
6220
5679
9633
2956
7862
3558
4872
8654
6130
3891
3078
4058
6524
883
9915
1551
7594
6645
4445
4223
8098
2767
277
2422
662
2988
4282
9852
49
8627
4149
5306
4081
3779
4074
3277
1329
3213
2874
3449
4904
8712
26
9603
7736
4870
9051
2741
4390
6614
2980
4822
8060
8184
6025
6567
832
3441
2600
8207
1056
1483
243
5716
8375
3291
1744
4788
4362
8307
9847
1305
9311
3899
9641
8491
2133
969
7477
7995
2837
5421
1174
9065
2163
8470
5410
9042
7325
1027
3154
3056
4471
1650
4672
5034
7615
5941
2618
5479
9361
1911
871
7411
3070
1186
1635
7893
8542
5826
3231
7240
8085
5323
931
904
6794
1665
6147
4786
5647
5645
5339
4099
5781
5136
2871
714
4902
6445
7530
8066
7375
5601
883
8940
4507
1597
3160
4702
1809
5402
2523
9696
3676
4993
3973
6545
1208
8153
850
6701
1974
4712
2426
6231
1824
7319
2859
1577
4797
9464
1845
4687
2935
8760
5554
2411
2617
5407
3953
9843
5923
6839
6133
3338
1583
4407
6446
1994
5043
585
4450
5330
5630
3242
3098
4382
305
7980
5117
2923
17
17
6886
2554
5822
2574
4750
3957
1563
3346
1190
1471
1331
7092
7066
1584
3451
3802
4429
705
2262
3324
7508
2687
3959
3078
8172
9750
3204
2754
4203
9356
1322
5033
2333
4229
8239
9667
3366
2622
6721
4627
377
3961
6780
1863
9139
1928
9073
6991
6780
969
6664
1910
8754
9640
6728
4445
5853
4066
1558
6490
4836
1963
833
3551
1142
3923
6699
1570
3669
3156
5179
2017
6425
574
8737
7933
4545
1483
5146
6248
190
9248
865
4349
9219
1644
1241
5470
6190
3660
1711
9673
8144
1367
6219
8201
9526
6339
2797
6818
4981
3262
2252
731
4080
5008
117
9059
2598
9180
5509
451
9190
2235
5506
7143
735
9752
6804
2032
9417
759
3847
5649
7254
1049
846
5740
5711
284
3155
1414
8230
4208
3061
453
6995
3731
9089
7410
7710
1154
7005
5644
5160
2435
1931
4085
6028
2269
754
8696
7157
3879
5728
1353
6181
7141
4477
4887
2044
2584
7312
4562
2154
7330
1055
2718
6531
8152
2354
1315
6744
5202
4528
7868
4875
4521
8038
1999
6046
7349
8006
6755
6689
658
266
5515
9872
3952
6931
9364
487
817
9246
6258
5790
9279
4939
6664
4718
4710
9808
530
647
318
4282
3394
1558
6680
4655
2521
1260
5397
2664
1961
7897
3915
2140
9035
7781
1491
2273
4419
848
1126
1920
5790
8667
5696
9534
3945
8411
629
2843
3266
2694
8324
122
2077
4870
8221
5273
9267
4099
9112
9298
7540
6238
9377
6407
5862
1192
6138
6630
8344
353
9864
3768
7724
134
1667
4483
8918
4441
6738
7957
7809
3196
2277
2740
473
4666
6610
3465
9608
7423
1603
8006
2220
3579
4337
9509
6345
4234
8114
2247
7769
5001
8360
1567
3795
4906
2044
7517
8825
9205
9282
779
1711
4617
7145
1978
7862
8525
1852
7671
2159
8251
9230
8681
4723
517
3847
3132
4324
2231
8231
3247
4616
1512
4626
7455
7509
5858
5465
6721
6052
703
6343
5213
6007
7192
7282
5922
8618
3679
6137
4451
4203
5174
5989
2301
2606
9455
3646
69
8718
8475
5501
16
6888
694
962
2194
3739
6387
4988
2031
7389
4130
3093
8054
1672
2680
1129
262
6920
2938
7958
8653
926
4390
7228
2028
3660
9279
7124
4341
7778
36
4133
4417
4525
5213
3836
9505
6138
2302
5180
6130
3539
1276
6519
4882
5023
5998
8101
6568
406
6958
7115
4494
1349
7992
9182
336
9275
1294
3020
6412
4614
5025
3161
182
3715
9191
5754
1049
4149
5825
3849
8081
4674
1176
2073
1599
4295
6419
7513
2444
3270
1265
5156
7752
5799
241
790
9732
4896
6224
6718
9957
7391
4196
6281
7891
5488
6004
4774
2003
7446
544
9652
7949
6960
8703
7717
3351
6927
8306
6028
2484
4681
761
2070
9134
8097
7603
5510
9649
8971
2058
2308
6189
6761
7460
3067
4500
5581
5573
8747
8129
8164
4363
3188
4589
7441
6034
5999
705
8490
9665
4766
4001
3712
5162
9577
7417
419
6332
7883
8133
8963
9915
4181
2357
9495
2835
1601
1790
7647
7766
3668
3768
2304
5260
1435
4851
3757
2183
4272
9839
305
6947
5946
2407
5415
8978
235
8766
3365
6578
4005
2995
5573
6717
3602
2431
6363
542
5971
617
7271
9486
6593
8323
6538
4668
1488
7716
7977
3644
7862
1138
2282
3704
3016
6422
4117
6656
3525
1290
1320
1072
1703
1815
9396
5845
3622
6304
7436
4125
6961
3212
4970
4014
1083
4359
6935
3743
9968
2927
271
6425
3538
518
3900
1686
948
7154
6353
8201
2981
4028
697
692
7285
2807
9622
4960
587
3649
8416
785
687
4665
1941
9017
7346
7155
5050
6702
1876
2007
1303
8041
5778
4707
3339
1821
5377
9891
7118
4098
1953
4610
5866
809
7483
4883
5818
9508
8880
4535
4048
2818
5754
4742
3114
5685
4558
3894
4957
8451
8533
7732
8339
7147
778
1557
1836
1319
3785
9660
5697
8676
3528
8999
7919
6097
302
7974
8810
8590
3224
3899
8361
6204
7271
8113
4751
9686
1485
6728
6823
4971
7464
6028
4692
472
668
3945
3431
1377
896
1839
2107
7129
1808
8435
5302
6446
7391
670
5851
3311
8240
4007
9533
483
161
6962
9906
9004
6580
2609
3899
8719
8007
6125
3118
8188
1409
2562
9279
5430
3227
9584
1780
3510
2686
2036
7170
3212
6393
5395
4345
1540
7919
7912
6277
3875
221
8852
6302
1669
3090
1357
1118
2919
9814
2868
903
4055
9610
1801
4323
1695
7330
978
507
2665
2489
608
2607
2486
8285
9583
1643
9570
3285
7118
1705
8856
3287
8753
9587
142
1383
7266
5721
7236
7915
8950
8552
7173
6384
1508
1523
3876
9813
1737
417
4085
2910
2227
2180
3401
4620
159
3210
8306
2734
114
763
3598
7503
8607
6493
7715
9808
8671
5381
5988
2603
8611
1554
5567
124
2783
4836
9566
7405
8429
2828
9740
5508
145
6216
5385
3478
8316
358
9676
4
4356
2421
7718
6488
2708
8641
464
9127
9402
1736
5241
451
3188
1502
6685
7534
367
6181
4408
7975
2323
5965
6039
959
3345
1802
80
1291
6231
7366
1926
7663
3020
3951
4633
7111
9812
8196
3690
3852
6983
5566
3012
6443
6006
3526
3655
5373
7134
5814
6211
3249
672
5913
5283
4115
5351
7726
5740
45
3638
7027
1330
1760
3916
8606
8131
4895
4389
4068
6585
3190
8141
3771
4693
1734
3956
4832
623
1927
8323
2785
7346
6202
1678
7103
4904
6088
9434
5078
9071
3049
7993
4208
4242
4137
4349
520
2283
5183
9238
8061
5198
9546
5069
5389
287
3188
4430
1404
8827
8353
156
9551
7715
9838
2431
1349
8262
3130
6648
5271
9633
1148
6827
6345
9775
9018
9780
6069
1453
2692
9296
8830
3335
3181
2572
2661
500
7757
7414
5967
442
8645
256
1193
5534
3785
3952
5895
2110
3249
9670
9263
8781
7376
7963
4803
298
9238
2573
440
3538
5221
5337
6986
770
8191
4915
5090
4670
6577
6970
2048
6974
1772
9073
4125
1575
9796
5006
803
9277
125
1735
9806
5020
5821
1787
8980
5110
3593
1073
9241
607
5238
5519
2351
984
3827
1981
1325
7349
4060
6908
6881
6444
2778
8966
1779
5134
8147
5181
6480
9428
4844
9227
7116
6923
3524
3977
6677
8062
7277
5600
7079
8580
9104
9330
1280
767
7066
944
7973
9924
4610
4529
7928
7252
916
338
77
8267
467
3303
9808
4724
4281
5817
4407
5830
4794
1130
6846
5056
3072
3146
5595
200
205
9571
3674
3229
4684
1639
1357
1812
5240
3750
3306
8838
9163
816
4686
7264
9136
4056
262
7178
5245
5952
3429
3235
8029
9501
4085
3578
3859
2187
287
2165
2096
6318
8155
4092
6880
1832
2593
1401
7500
9263
3333
2406
4103
1646
5726
8144
320
6173
4300
4364
2079
2284
3838
9530
7858
7994
4900
3476
440
3500
5229
216
9880
9747
7346
471
9214
4048
3799
8841
2544
6963
1029
3394
9035
5416
2083
1888
2476
7337
2128
1163
8112
8297
9459
9847
8527
8896
6060
1177
4432
6789
8089
6537
8578
6925
5601
5265
4851
8063
3339
3642
4425
8492
3665
8415
3508
5595
242
3371
3479
1864
6108
5382
9993
3787
1171
5229
7957
7970
9660
2585
1733
3166
6870
8607
488
2759
2634
5432
8695
9962
8552
6433
7775
1575
8974
18
2173
1343
5782
5009
8058
6610
2080
7192
8331
7782
8762
1245
8561
407
8737
6495
2949
5150
1485
4695
8718
7651
2931
244
676
3309
4911
2374
7666
9791
7596
4496
6466
803
2260
881
8332
2434
1644
2130
8665
7590
4896
9446
4625
8548
6333
1510
6047
6279
4751
6506
2778
588
219
265
6031
1164
6881
8144
2624
4308
7836
6519
3311
7359
6168
2084
360
21
6435
4755
2627
2931
3445
6248
6444
2912
3974
1484
1934
5393
1358
4332
2177
4469
9490
6048
8916
1291
8239
4897
4408
2313
7104
719
7012
8370
7023
351
9127
1163
7803
7814
9956
2638
1013
8826
4795
7788
4425
9061
841
557
5049
3692
7130
9502
6182
1969
1635
9510
2160
34
8439
9009
7385
3690
325
6361
9730
8621
3499
4334
4431
8143
7965
4011
10
2177
6104
8262
7166
3056
6465
6665
7488
790
7708
5426
5791
1303
794
9974
5609
3803
6524
1805
6613
3749
836
8983
2850
6964
7773
4649
8148
2529
9900
6800
1036
6570
677
8529
1014
7575
8632
9991
4600
4314
3322
2411
981
657
4615
3502
8423
4931
8093
4167
8382
9286
2651
5168
238
3766
343
7560
5610
5129
2245
7557
7508
2130
8073
5192
7273
2173
5701
2668
3894
4296
2397
6657
2297
1654
482
4746
5468
2502
7085
8419
1541
7794
9172
8847
6395
5418
4599
5553
5907
3902
1103
608
2218
7316
489
2561
2050
7650
1888
1692
9514
9672
987
1971
5269
5311
9293
3528
9877
9838
7149
4151
1824
1505
2261
455
1545
8902
4946
9753
665
1362
7377
9078
5251
5054
137
3722
5044
7849
8730
6352
2659
8546
2264
9666
4845
2122
8118
8744
9012
2809
1942
5814
3727
1064
9750
431
4045
5346
4874
4711
450
6537
7181
2285
8641
4581
4741
362
6879
512
5371
8123
9137
1653
3627
3553
7623
397
4136
9832
6376
6962
6716
584
6862
6280
6692
4438
1333
3061
1168
7228
5325
857
5734
2953
1722
3818
8229
6926
4872
919
5688
1690
533
2161
4829
8508
894
9813
4259
9922
4910
570
5776
3623
7789
4034
7173
5992
6454
3670
7653
9477
6374
9273
6662
7809
8154
8401
726
685
547
7469
9626
1737
4364
9716
9912
8574
167
2192
5237
9714
2320
1184
6447
6022
8720
9351
7251
5516
5451
5735
6087
7122
8894
6076
9846
6225
5642
2906
6189
8561
2927
6039
988
550
9717
7746
8397
3583
7301
715
361
4073
6610
420
6614
5912
2363
1260
5
9255
6759
9287
5148
9762
480
4784
3324
1015
9069
4471
2503
3834
7600
6920
7556
7360
6440
819
4686
9380
674
9931
6557
6563
4675
5268
2239
8044
3633
8268
4106
5697
1057
5434
4303
2444
4092
7710
6730
1638
9633
2356
3026
3869
8850
3123
2501
491
7932
8324
7333
2862
1415
2533
2645
6833
6698
1553
213
8801
790
6227
4300
788
7968
5120
624
8623
3175
6514
5013
8322
5916
8754
1762
8025
3908
5426
3459
7942
4063
9100
5938
4603
3151
1900
1300
5078
5428
5193
471
1153
6271
7966
3564
1207
147
7053
8733
3305
7527
5530
3610
917
4739
6547
2000
435
9552
8016
6960
2613
2232
1271
1069
3079
2479
5339
5915
5164
7091
2165
6521
2272
5063
3739
1932
6957
21
6430
9250
8808
8866
5650
9385
6890
8928
3099
8506
96
1490
7389
490
2598
5730
8123
558
4292
1294
471
2595
4024
8145
6996
2433
5078
6822
5157
2852
6696
9735
4501
2592
3847
8904
3955
6698
3663
1444
7438
8079
9415
8698
9335
610
2869
2632
4100
3888
8084
1988
128
4226
515
9287
8657
5019
864
6516
7966
3668
5145
6925
6925
4768
893
6119
9006
5449
6216
1861
6555
2134
3735
7198
6005
5086
533
8657
5124
9156
5142
7034
294
9269
4474
1068
1928
8849
1241
3757
1901
3947
1890
8862
585
1457
9733
8190
9786
9255
6340
636
8563
4000
674
4048
3868
3788
2483
8764
6787
4172
2093
8194
5116
6721
8704
9229
7923
9657
7640
3426
8979
6213
785
6070
1220
5906
6619
2155
5304
8516
2864
7012
1434
5248
931
935
9627
1149
1823
6740
3975
1296
6790
9758
3604
493
5504
4888
6522
6389
2906
9226
156
8048
7229
3606
4051
487
2830
9457
5050
3267
4427
1331
1249
3657
9606
4096
5926
2713
8471
7144
3448
5569
8603
9122
9737
8816
5826
8023
6822
2042
7347
6824
6139
1004
798
1526
2786
620
6091
625
6400
4208
4273
5214
8232
2093
4253
3098
4288
3834
8071
3349
6185
9874
6162
2823
5227
4397
8258
8445
9464
6468
6240
5449
1796
2864
4460
1464
2818
531
9022
4434
4780
2865
8502
7300
3954
8978
9330
6433
6850
3768
8000
9322
8002
8593
6805
207
9842
4257
7171
1070
8043
2371
3926
3820
5832
4739
9822
9509
1662
1081
178
1089
3941
8005
3470
8242
1282
1748
3042
3142
2409
1501
173
2974
2008
9521
7790
2700
8347
8532
3541
134
8591
8635
3701
7378
1366
6667
2747
1181
6846
9167
4568
8308
4682
2698
3821
8277
5334
5671
4205
5806
9913
4142
8089
6732
6142
9773
1632
1887
225
6738
5942
9988
3010
4386
8701
6603
6934
235
2991
7028
8954
3299
7509
5185
9993
2550
31
745
776
1881
6782
7434
7603
8118
2108
8696
2346
5621
3708
1792
2846
8022
234
2750
4639
1467
4538
7280
9333
9410
9196
926
7387
8721
1320
761
602
4380
572
496
9757
2422
9471
6275
2996
5872
6596
4102
2433
1026
1435
7378
1785
3476
6464
2112
9743
6449
563
4580
6244
6282
7037
7698
1531
3443
6310
3515
3583
7859
4315
14
3718
1162
6294
1297
7255
7628
8743
5741
3921
3116
9336
9526
8289
1509
3544
7378
3018
3404
2901
1076
2524
5121
6580
8903
2659
7212
799
4710
4139
4988
9961
7358
8661
6426
3537
1097
5755
6982
5372
4618
5622
7124
9741
9329
1494
4123
8392
7143
1031
5145
5265
5226
1601
8307
1173
7211
5525
4583
198
5339
9294
8988
6349
9126
2370
9105
1545
1165
1808
4998
4190
9179
7012
5355
2762
2374
2397
99
8112
2096
4456
728
251
3354
6820
3407
6393
373
2111
9603
9027
7849
7758
6566
3515
787
9831
2682
7940
2324
2598
2618
9432
7147
7140
5300
2247
756
2329
8732
8060
3183
9895
4473
230
7862
2732
2432
3123
1329
1570
4214
1874
2112
8235
2060
6894
253
3074
2166
7506
8010
8537
2105
589
8833
1128
1665
3952
7192
4459
5908
5981
6930
6974
2110
3310
4365
710
7194
7799
8790
2887
3026
1198
7176
8513
1810
7916
8748
7363
3297
5663
5356
6885
7562
7349
7365
6068
580
8989
3123
6580
5319
403
5463
7559
518
1979
5147
1644
5084
55
9434
6687
7168
3278
9020
5979
6801
8088
9302
4111
8871
50
771
5711
4117
7233
7387
222
1652
4772
1239
831
4783
3049
4277
1805
1655
842
2024
3116
4096
1926
3470
2806
9906
1432
2810
566
5222
1020
9845
2113
5332
3486
3862
2818
4606
3273
2291
1046
6924
149
9386
6129
6099
9450
7225
4468
4428
7288
142
7124
800
3378
6913
3489
9861
4387
2437
6245
6803
4036
3510
2988
586
6406
7079
6750
134
3324
3491
2510
5070
6747
8767
7350
5421
3125
6214
6638
976
3662
6336
2219
9154
6983
6547
513
6616
2110
6850
6082
14
4266
886
5162
6115
6039
4388
4575
7156
4490
9656
6560
1743
6509
2846
4664
7990
6016
4310
3182
7927
4316
1030
5750
9097
4894
2753
4032
2773
9635
7549
1820
9849
8623
6978
1275
3824
8986
9606
1030
7201
3751
6573
6075
9563
9231
6094
9019
5252
5314
2302
2033
4768
1191
4805
4461
827
9299
8952
2141
8290
680
8516
3637
6966
9971
1678
5426
6104
5448
7677
9884
3109
2972
9781
8006
9445
3078
5474
5572
9153
5983
2468
8166
9069
9558
5186
5846
8765
9276
2024
4280
5687
1792
5814
4421
3591
1273
4305
1357
1988
9940
926
7182
2200
7857
9098
1319
8073
5114
8350
5804
5015
3242
3560
223
4828
5110
1755
34
3686
9220
9968
3473
771
5311
2469
9013
6799
7233
1366
543
5065
2600
344
7662
2121
8063
2444
815
6914
3967
6734
6305
2131
307
8436
2973
771
134
4628
1609
2799
361
5826
4972
4681
5600
3184
3623
466
6703
4081
7469
596
5553
7949
8209
9036
1505
1184
7763
4476
8057
9032
6416
1827
4894
671
4085
2743
3173
4871
7181
2588
911
6451
2584
4675
1778
7523
6277
9758
6105
4368
8924
6574
8506
2070
4936
5206
3124
7415
4743
8472
5304
7782
1729
5399
3002
5702
7905
1121
3021
1693
6703
7000
9222
1021
9811
1316
7004
9314
4329
9116
4969
1168
2363
7331
8197
2717
2979
1544
9407
8842
8322
2586
9324
4405
8518
8713
1089
8092
3120
4752
4061
8643
7917
9080
6949
1715
2548
541
7768
6100
2055
5004
3872
1818
5190
6314
5799
1655
248
9089
1354
6012
8662
4814
353
9278
2286
3697
6928
6467
209
7287
6167
889
8121
3166
6960
9954
7990
7064
6060
4586
3323
4103
2119
7769
4555
7612
3761
4401
1649
3769
8509
1358
5296
7422
8162
7045
4069
7610
7172
9897
9931
1461
6412
892
236
1844
1825
3972
5713
8959
2570
6012
7165
9649
8055
3435
5693
2785
3983
8397
3747
6538
3862
9062
3495
997
8189
4394
3504
2300
3749
1952
7363
3891
7966
7022
8275
3563
8458
6115
1425
5685
6700
5246
776
8003
7719
324
7568
1128
7875
8467
9126
2881
5282
9389
8411
6357
7931
2412
9745
5119
1692
2956
7441
5535
5525
6019
3687
2624
5386
3070
7313
1074
688
99
4678
3320
3350
224
7021
7533
3343
2267
8269
2212
2158
8985
1719
4058
3216
3016
2484
3986
4248
3609
1679
2258
9732
8902
2532
3197
627
8513
9237
9523
2110
6205
9009
9850
5110
1828
1364
6516
7029
2938
577
3186
955
5369
4765
5928
9960
3175
7599
4707
9144
5368
7631
2372
6643
6281
940
6225
6467
9952
3427
2184
871
1245
4652
6329
1591
1568
2674
2984
7730
4550
2188
9701
9456
7860
4819
4111
8110
7431
1089
6830
5026
5164
1185
3308
9849
3558
8019
7235
6690
3802
5970
5395
2986
4660
8405
2230
9303
5071
4623
9265
2994
7497
5601
8679
8825
2992
489
1302
9498
1402
3469
6465
8435
6370
29
1751
6308
6784
3509
9172
4317
4071
3537
132
6792
5834
8748
5562
6909
2254
2148
9367
4040
2714
6159
315
5439
764
3587
5611
9648
6297
1251
2137
294
5784
7329
5515
4509
9034
9841
2518
5642
5969
1948
2020
9928
2635
3303
9159
6900
2113
706
1322
997
7093
9281
64
5911
9708
678
6666
6685
3960
6691
4843
3879
1667
427
7978
2327
5139
6061
620
733
2774
1100
1489
1236
5197
1363
494
9021
3957
3959
7394
616
6823
5842
892
3964
3092
9378
3472
2523
1511
7363
3129
1233
6039
143
6277
7080
5910
9216
8943
9798
5335
3186
3981
8301
4205
5365
7129
6508
9472
1937
3260
6293
1350
3723
721
7644
6758
4222
2252
3582
6139
3433
816
4326
4345
9214
2767
5060
8155
6815
622
9451
9202
2061
8987
4624
1966
4354
8781
7396
1280
5766
6557
2269
4935
2064
3480
510
9275
7972
3142
5811
8596
8550
2608
8548
4490
850
7262
2406
6172
6833
2791
9380
4082
6493
2697
8521
5809
2097
9498
9209
3541
4919
9498
9051
135
8525
3784
6346
6505
520
9635
5771
8202
8906
6845
7642
4622
6738
9061
9727
2068
7470
336
9425
3282
8823
8870
8976
6542
4723
9076
3809
9333
9125
7450
9141
9553
2982
5210
2862
1703
3258
2499
1772
9579
242
7573
1225
8335
1404
3908
9569
1544
8963
9305
8633
7509
4776
9286
420
2234
1909
7909
6762
6966
7541
4163
9160
39
6867
3483
6
9088
1119
7175
1535
6278
8454
7909
2846
416
8967
6472
4768
5179
9452
2371
6589
826
5604
9662
5630
4562
4821
4901
431
8119
6917
2723
5485
4980
4243
204
3306
8895
2757
7153
2054
242
5083
2020
9098
65
116
2068
9687
9317
6066
1010
9649
3985
1414
7557
4421
5207
1000
6005
1967
5508
5112
5166
4651
737
7277
1175
3460
7687
1443
664
8098
8638
1792
7211
2396
9126
301
5750