731 2961
45
90
12
63
52
57
58
53
79
30
29
25
44
42
13
72
71
100
83
99
3
17
88
42
93
42
12
7
82
100
31
11
71
86
12
26
2
87
89
53
91
36
42
68
44
9
9
14
18
18
5
39
96
96
90
3
50
35
86
1
51
23
6
87
4
23
37
32
61
97
85
19
84
87
8
37
49
88
45
7
30
99
45
19
58
48
51
50
62
42
53
80
53
28
57
29
71
19
25
16
91
94
8
100
83
2
34
43
8
52
44
38
23
51
60
53
5
14
69
65
39
49
67
30
29
50
96
39
34
79
88
70
78
82
29
65
29
13
71
47
99
54
32
2
65
66
82
93
69
89
93
74
28
53
48
76
82
95
26
2
24
93
72
43
12
22
87
61
17
92
44
31
53
1
88
13
53
10
7
63
99
81
11
44
25
69
90
67
88
100
94
81
15
64
78
2
47
35
1
4
6
39
33
79
86
29
36
80
18
84
36
8
77
39
32
75
66
2
88
14
76
94
87
88
19
40
62
29
88
24
98
71
50
28
89
96
40
37
90
85
32
9
83
13
30
87
94
72
98
62
44
35
14
73
74
94
32
77
11
66
59
39
49
78
48
95
61
7
10
29
91
86
9
71
78
21
96
11
77
52
59
55
49
48
10
21
79
77
91
40
56
38
15
63
49
29
45
70
82
96
19
95
92
82
13
6
72
40
33
63
38
44
59
15
17
32
18
30
67
7
95
68
85
24
57
47
35
71
22
99
83
95
8
77
46
81
34
37
94
41
11
23
34
69
25
1
28
97
39
77
24
28
46
54
27
26
64
72
37
74
88
29
63
30
97
44
70
42
84
22
26
16
36
78
44
37
74
67
17
67
65
86
13
74
71
14
31
29
4
1
88
18
84
39
24
4
31
94
73
74
15
100
83
12
24
90
62
84
76
13
23
99
87
84
99
24
49
82
91
83
44
36
10
48
47
36
95
46
15
73
43
39
98
83
40
51
11
41
38
100
27
75
35
84
10
17
79
31
55
3
21
3
92
13
24
17
54
94
9
41
84
86
62
52
79
22
78
47
100
33
37
54
18
63
36
43
6
5
50
50
95
80
45
10
97
41
58
30
22
84
51
53
96
33
65
85
31
72
15
22
58
82
11
51
72
73
65
79
29
99
59
17
81
62
84
57
54
8
70
82
11
95
10
72
77
13
28
43
16
41
45
38
33
57
25
42
31
11
48
24
95
67
33
27
69
64
20
85
82
91
23
26
51
64
79
48
6
22
59
22
21
40
20
12
37
5
40
27
14
53
22
70
78
69
70
26
77
85
87
60
35
47
53
80
6
56
60
43
20
100
50
17
27
79
66
85
91
92
88
14
67
40
86
66
27
20
97
86
67
99
82
1
1
65
49
17
94
27
87
93
65
95
82
88
38
85
92
69
94
4
36
55
23
89
92
82
74
8
94
80
65
26
53
40
62
8
84
96
99
78
16
41
16
35
27
57
27
1
8
71
64
77
22
3
20
76
17
70
4
20
12
62
79
13
81
1
26
54
39
70
84
69
26
36
75
34
74
52
50
55
40
72
7
21
81
73
5
66
36
88
61
65
19
18
44
12
64
43
71
95
52
16
2
20
91
11
53
22
57
48
29
49
72
54
97
50
51
77
71
81
80
57
43
95
70
99
82
12
90
18
25
11
13
32
63
15
47
79
47
44
36
86
63
86
23
81
48
80
23
19
61
74
71
14
46
87
5
9
100
97
24
93
71
92
90
62
26
29
98
66
10
46
38
25
96
11
87
8
31
18
62
61
99
45
58
47
23
91
74
63
2
96
82
28
63
90
22
19
96
90
91
53
2
24
22
15
22
72
67
91
70
26
3
82
91
6
22
51
22
54
32
27
63
51
2
90
15
3
88
32
60
51
4
88
46
42
48
58
42
47
61
32
60
96
93
82
38
46
87
15
69
92
65
76
68
43
54
45
3
73
33
6
53
54
2
8
32
51
40
23
4
59
59
75
33
67
93
76
94
72
22
11
67
33
43
47
1
70
21
54
88
40
67
39
19
40
72
57
42
97
23
5
61
63
73
64
10
27
12
35
92
5
1
61
61
22
96
50
67
20
88
84
3
7
55
66
68
41
40
95
27
72
62
1
81
50
79
32
81
80
27
90
92
34
96
68
1
56
16
76
59
95
55
75
59
44
93
77
54
46
38
61
43
73
41
74
36
95
26
96
5
75
35
18
34
6
30
95
76
6
81
76
26
97
75
22
53
76
90
23
1
22
83
43
85
57
34
91
93
100
37
49
35
69
41
73
25
67
8
86
7
60
88
33
39
43
79
22
88
47
47
41
88
69
93
61
51
3
47
29
16
32
90
21
5
42
46
20
52
79
81
37
73
51
83
100
26
99
88
12
94
80
18
19
72
14
30
50
25
35
43
73
21
28
92
40
73
8
30
4
12
43
90
62
18
72
12
50
14
86
8
22
92
1
19
47
45
7
99
78
44
41
29
53
31
41
26
52
3
28
40
48
57
20
26
39
96
97
84
11
14
39
52
29
95
49
43
68
6
40
58
96
89
85
6
89
80
40
80
46
86
55
42
24
78
74
32
77
45
51
78
57
85
17
6
78
20
50
44
50
59
7
50
26
80
52
57
80
99
72
99
65
19
44
53
44
38
87
73
62
11
93
12
36
3
26
95
69
79
33
35
80
29
69
91
46
71
13
77
44
74
32
30
92
19
28
26
69
57
97
33
92
25
86
71
100
83
88
53
78
53
17
100
78
32
93
99
29
18
5
53
82
29
70
16
85
81
96
40
60
61
55
82
79
32
31
17
55
77
53
1
52
91
49
49
91
50
5
31
33
76
87
42
57
64
63
67
85
88
4
66
2
80
51
24
60
60
24
100
76
52
16
61
79
54
60
38
39
100
16
16
40
21
65
68
36
17
35
30
52
48
13
44
39
7
42
10
13
3
86
37
32
80
61
78
22
71
83
21
47
7
4
63
2
47
20
68
67
12
47
27
48
77
6
62
33
78
64
43
66
37
46
10
15
72
22
47
1
71
52
30
58
19
38
51
14
51
15
68
9
48
4
60
49
37
12
22
92
54
3
35
98
26
97
82
93
68
33
4
37
36
54
95
4
45
2
54
44
57
10
10
5
3
80
54
89
22
94
96
48
76
23
33
73
69
49
34
85
76
21
57
67
39
65
40
83
83
41
68
2
70
25
68
18
7
69
40
70
58
24
45
96
35
78
51
49
72
45
73
26
71
6
76
59
99
25
74
73
24
26
93
36
11
87
23
92
21
75
50
76
68
21
58
90
53
4
63
62
47
9
4
64
93
15
56
20
4
57
60
35
28
98
98
49
6
27
35
64
63
11
20
90
35
47
77
39
52
77
66
45
26
99
34
97
53
72
40
64
66
41
83
52
57
97
33
1
88
91
39
93
39
74
16
78
89
93
49
32
50
8
93
47
97
90
31
93
71
100
85
86
97
26
68
69
5
79
54
25
94
6
26
81
68
82
19
25
40
31
45
63
56
70
91
2
22
14
28
71
30
32
82
40
36
13
73
100
33
86
63
96
54
83
7
41
94
73
70
46
49
87
64
70
1
26
58
58
70
6
24
22
40
75
1
46
6
73
42
31
4
18
63
46
71
8
41
55
52
54
56
34
37
16
65
58
27
2
48
37
18
92
87
54
58
55
47
86
94
36
71
92
69
9
32
98
75
98
79
91
28
54
97
92
66
68
62
37
22
47
23
96
55
60
50
38
42
48
73
100
66
43
2
6
62
52
53
72
1
56
3
19
91
51
85
18
86
37
11
59
98
79
26
49
64
58
44
32
36
61
15
43
95
83
75
52
34
41
100
7
52
37
7
28
37
76
33
73
76
52
7
39
80
16
31
70
1
21
89
8
88
5
64
22
99
78
69
81
53
99
60
18
96
18
15
81
35
45
83
57
81
97
6
95
49
32
35
13
66
77
74
98
67
28
98
14
82
99
86
67
29
6
42
19
64
57
6
3
67
82
79
52
19
58
58
80
33
5
70
89
53
49
98
56
16
51
87
77
66
93
26
90
64
37
47
42
18
17
34
54
96
91
42
85
81
42
84
55
61
20
63
48
66
40
85
19
34
91
65
71
70
56
50
80
92
53
41
7
24
36
45
76
35
42
11
24
15
99
50
14
35
72
10
7
4
78
72
3
22
46
13
4
45
76
95
78
41
36
76
84
55
4
63
71
22
58
96
30
87
64
19
31
53
53
36
27
91
94
66
97
63
59
98
62
11
82
32
63
3
47
12
8
93
89
5
31
84
49
88
73
55
81
59
53
56
74
42
37
79
97
60
34
49
9
14
90
61
17
11
25
4
63
17
61
26
68
8
83
22
31
99
46
62
19
99
65
27
35
70
8
4
15
41
62
21
47
81
72
94
75
62
15
4
14
87
6
4
79
35
40
88
36
39
45
41
72
68
71
100
64
93
81
81
12
27
78
95
14
49
30
27
83
32
61
16
79
92
27
77
99
79
61
18
19
64
40
46
89
59
21
68
5
84
32
61
61
60
4
94
34
26
37
5
72
30
65
52
28
42
70
92
44
23
100
18
1
61
93
9
20
81
39
98
59
32
66
95
91
99
74
4
87
63
83
62
56
84
54
79
62
94
34
40
59
62
87
52
86
7
37
84
11
85
41
50
90
69
92
22
25
12
3
63
38
35
28
27
100
75
100
10
46
33
36
16
54
4
99
78
53
76
98
44
9
54
80
54
80
47
21
87
99
5
69
99
51
24
94
60
11
1
60
92
18
55
73
16
46
31
99
91
20
92
86
57
46
96
14
51
38
98
66
83
78
98
66
15
99
96
19
15
86
78
39
84
25
57
89
91
88
15
38
89
31
66
23
100
5
25
24
19
5
3
44
75
69
12
93
75
97
89
78
71
18
92
9
1
77
31
44
89
16
13
73
79
16
71
39
75
82
18
75
82
25
100
52
53
22
42
93
21
14
67
7
90
22
43
52
63
74
30
96
21
53
43
81
51
83
35
6
71
75
93
14
4
47
87
62
67
3
80
40
77
22
50
53
70
20
71
80
79
16
60
25
69
36
25
79
18
1
64
80
10
62
4
64
75
19
9
11
67
38
65
23
18
59
57
47
37
51
9
80
83
42
24
22
78
89
45
29
45
87
4
36
80
75
40
41
89
3
15
73
95
40
86
86
70
91
97
45
12
61
70
6
36
90
36
91
71
3
13
33
46
58
95
18
24
77
53
71
38
42
24
62
91
11
60
5
13
88
9
21
35
12
76
29
74
41
40
25
42
47
65
7
1
73
75
32
94
26
93
74
22
11
26
70
48
94
32
43
64
17
24
2
97
76
46
40
83
19
26
63
23
63
80
59
24
36
86
19
35
51
57
24
69
10
53
14
31
7
25
17
98
25
88
6
67
43
73
89
96
24
96
6
85
85
56
69
38
2
81
1
5
12
38
51
56
91
69
27
9
21
72
22
100
56
14
71
86
88
75
4
71
44
20
4
16
75
22
21
66
59
27
59
66
17
62
77
75
84
27
42
3
56
40
75
52
98
32
55
62
35
91
73
53
90
16
7
82
9
88
1
22
36
94
16
38
49
8
64
2
93
93
89
20
13
24
56
77
54
42
46
1
34
5
90
23
74
85
89
44
83
18
15
65
7
45
36
48
89
84
59
80
66
70
72
25
68
5
76
50
49
51
93
78
52
50
74
12
88
87
82
74
90
70
65
63
61
95
35
72
80
87
37
25
54
97
62
60
2
19
1
55
49
90
75
49
28
46
44
10
98
50
11
59
32
75
69
17
91
72
74
78
45
13
2
59
95
92
73
33
47
40
7
58
35
10
73
12
9
58
21
78
43
43
14
63
74
62
11
99
4
4
92
10
65
33
49
42
93
22
88
5
47
41
47
10
86
89
99
17
17
41
59
32
50
95
52
97
78
74
85
29
36
1
14
34
73
14
96
22
98
3
85
58
21
35
64
86
80
13
36
91
81
95
59
84
91
62
80
52
43
51
74
81
87
100
80
59
16
44
51
38
93
2
18
6
79
97
95
97
64
66
59
66
52
46
65
60
72
82
21
68
5
43
20
59
78
2
19
28
31
59
51
43
4
99
9
42
89
67
22
82
61
10
98
52
8
61
58
49
40
10
35
46
61
73
5
51
1
37
27
73
14
97
91
87
61
97
98
90
18
89
90
13
83
60
26
11
76
36
1
1
94
70
32
16
50
11
66
7
96
61
50
59
69
99
46
67
62
73
44
91
43
27
66
69
37
33
41
15
75
74
79
22
67
25
85
65
83
3
42
63
30
38
65
87
75
27
54
76
80
83
5
20
83
37
55
89
34
88
44
57
87
37
39
45
11
31
57
81
83
64
99
84
21
32
6
3
61
58
55
33
71
19
97
64
74
87
51
49
23
80
53
86
96
30
12
5
79
46
7
85
84
97
33
88
12
57
15
80
29
66
59
62
92
33
61
87
3
51
48
34
100
39
16
66
48
10
15
86
51
70
81
58
98
83
65
33
73
33
64
84
56
26
17
51
91
70
20
69
37
12
27
94
85
51
9
18
12
36
17
79
63
13
6
95
62
45
66
4
44
25
43
27
26
63
79
43
72
2
32
1
64
30
66
25
43
9
67
42
89
48
94
88
36
37
11
2
41
64
48
6