7718 2810
78
33
31
92
87
87
23
48
68
41
17
20
73
1
73
96
85
98
64
83
20
15
11
28
20
78
6
12
43
47
76
38
36
1
55
12
82
83
22
99
18
38
83
8
9
89
4
91
58
39
97
60
46
41
20
84
44
43
49
32
19
65
63
2
70
80
24
27
40
64
37
99
13
60
61
50
25
76
63
35
32
1
22
11
99
27
62
70
14
71
64
90
56
87
1
55
43
84
65
89
13
4
65
23
79
96
20
84
72
73
99
16
91
23
5
59
24
91
73
36
50
6
18
35
11
66
11
31
21
91
16
35
99
27
56
81
55
24
91
49
80
33
16
53
34
23
4
14
69
60
16
37
4
67
42
87
13
25
95
47
32
100
92
90
71
81
77
6
4
41
20
42
50
47
57
88
5
14
42
13
10
52
39
28
96
33
49
91
78
10
34
72
80
26
12
99
25
1
57
31
84
69
72
95
63
46
55
86
100
90
90
69
15
22
49
7
13
3
68
74
14
42
76
66
93
10
49
41
91
40
50
48
83
54
79
15
11
58
56
31
15
25
94
79
2
32
33
7
4
72
47
5
60
19
67
88
19
92
3
21
73
42
75
37
18
9
36
39
11
62
78
49
61
100
14
54
11
72
85
100
33
38
12
100
46
56
61
45
40
47
97
10
89
84
75
46
14
75
28
15
71
58
52
22
66
80
28
38
100
64
21
20
28
69
5
49
33
56
67
97
89
74
3
79
9
85
76
71
79
10
28
94
40
56
12
35
86
79
76
60
43
99
93
69
99
92
32
57
38
92
24
34
28
59
99
76
6
70
29
94
51
67
41
14
99
2
83
66
93
8
46
66
37
98
65
69
3
38
12
94
77
82
65
88
71
31
72
81
4
33
78
52
54
56
50
67
53
18
31
54
41
24
35
84
64
63
10
58
96
23
53
55
16
71
1
15
4
26
11
52
18
69
51
36
45
32
21
71
82
21
13
60
76
35
61
69
90
21
12
13
43
17
95
18
11
47
87
40
34
84
36
60
84
66
51
16
84
6
32
13
12
45
66
52
57
60
60
4
16
48
95
28
86
78
50
63
28
91
21
44
7
77
72
9
82
29
36
73
99
69
83
66
45
61
100
67
17
18
89
98
10
96
29
84
40
50
91
86
50
3
25
2
79
86
26
20
30
46
53
95
17
56
18
61
87
12
94
21
66
32
91
43
97
77
97
56
35
89
9
5
87
99
66
62
40
76
1
85
15
50
68
74
74
18
30
35
13
39
90
90
47
17
32
3
72
6
96
78
34
49
17
57
63
79
40
42
91
80
97
42
64
93
19
35
55
88
16
12
8
55
46
85
21
22
78
72
11
52
98
41
55
49
81
54
5
30
52
83
32
50
49
63
92
2
17
33
71
59
51
17
12
65
41
65
61
100
85
67
37
20
52
10
17
56
21
40
64
12
31
94
36
88
45
10
75
23
15
29
4
36
27
3
87
61
62
98
29
19
90
5
66
64
78
71
69
61
17
54
83
86
5
80
66
78
26
96
88
21
35
1
76
37
82
4
93
65
38
44
71
29
57
63
2
22
11
73
42
95
43
79
71
40
71
37
51
86
86
93
63
14
98
96
49
25
22
88
11
9
13
46
53
61
52
55
6
10
83
3
16
24
41
10
43
12
67
28
74
67
28
91
12
44
26
85
24
20
76
80
43
44
2
77
84
63
24
95
3
24
21
81
65
55
62
21
40
12
51
39
83
94
72
7
31
64
25
46
53
9
22
28
99
3
6
29
36
56
6
83
22
9
41
16
83
87
93
66
99
68
71
26
55
50
30
46
59
77
68
10
48
86
84
8
86
46
78
41
97
14
37
90
63
96
58
48
67
28
78
41
20
67
71
40
93
5
87
6
44
29
31
64
44
20
46
93
1
7
89
63
25
65
86
93
44
61
98
57
72
31
1
81
17
45
69
66
79
76
86
70
10
74
5
95
87
98
36
43
67
37
9
9
13
62
28
57
6
33
26
45
19
5
30
7
100
15
69
94
20
68
97
71
2
40
99
72
43
34
93
40
24
30
57
13
81
36
19
58
42
18
55
96
53
55
22
99
70
24
60
19
29
85
86
54
98
74
45
99
42
61
95
24
100
83
15
8
22
86
63
83
74
87
75
63
87
76
58
29
48
75
34
89
17
45
39
25
70
12
75
21
53
62
84
100
33
35
66
98
37
25
25
88
66
58
94
50
93
97
63
11
86
90
73
89
67
37
57
15
57
67
99
60
55
10
51
25
89
71
95
7
29
68
1
35
44
6
100
65
31
87
95
58
52
7
29
83
2
31
66
99
38
13
88
29
61
62
96
19
19
37
43
17
90
53
85
13
1
75
65
67
28
35
20
75
60
12
72
7
85
78
14
75
94
35
5
13
91
90
6
16
40
62
11
32
19
5
58
14
74
22
63
10
38
48
49
71
71
86
67
83
82
89
29
45
43
55
93
42
31
33
49
30
96
65
43
100
32
77
74
64
20
42
21
76
60
73
35
31
97
99
32
52
64
66
27
52
64
90
49
56
11
60
99
64
4
59
84
18
61
86
37
43
68
38
93
86
84
93
3
91
18
96
48
49
43
31
67
9
60
83
24
99
59
74
45
67
32
58
98
35
25
14
8
10
79
28
58
81
58
40
27
20
71
82
32
72
5
57
27
95
48
85
25
78
36
42
82
21
98
17
6
94
27
46
86
50
42
30
66
16
80
23
65
38
65
85
52
55
20
40
91
26
74
100
37
67
40
90
22
15
89
31
46
86
91
14
43
92
17
94
36
78
89
42
53
34
43
51
33
95
63
35
90
2
88
60
18
24
37
25
38
1
92
18
95
96
46
28
98
41
54
9
5
37
63
20
31
9
19
63
49
99
58
92
24
9
93
74
31
96
42
30
17
1
96
54
1
4
39
49
10
69
6
41
93
72
95
19
27
2
99
69
29
42
31
96
7
26
32
59
68
100
86
93
85
27
32
47
43
74
14
100
68
34
20
72
73
62
42
55
73
11
20
24
4
11
5
31
39
87
35
17
32
3
61
73
40
98
52
28
51
85
76
57
55
40
74
72
15
58
88
61
37
2
45
16
8
47
41
47
77
63
100
76
69
73
73
2
6
50
51
7
60
26
11
14
92
3
84
8
63
32
75
24
85
72
50
45
27
24
41
28
71
82
3
94
52
97
36
98
11
52
88
2
42
78
45
36
18
11
85
42
9
72
89
99
49
90
14
69
84
37
47
14
46
65
12
6
40
79
4
87
69
28
35
44
49
76
54
68
56
67
15
33
55
28
50
54
47
67
80
82
98
71
76
87
62
83
25
97
8
93
56
7
7
100
78
7
20
94
47
86
100
53
10
26
74
16
68
82
38
16
28
16
73
91
8
99
41
10
75
84
80
86
24
62
36
99
84
66
3
30
3
99
39
69
99
42
100
32
22
77
25
1
80
68
100
65
77
91
100
52
81
47
28
21
11
70
93
99
19
42
42
34
65
33
17
27
22
66
98
13
4
93
20
19
96
85
35
100
15
42
41
95
78
92
85
10
98
2
81
32
66
5
71
45
83
15
18
27
99
58
61
56
49
92
22
99
75
35
21
21
97
57
95
72
76
22
87
79
98
37
68
52
67
46
47
59
71
40
22
2
95
27
89
62
64
47
79
25
11
26
57
66
33
6
83
70
81
17
33
18
67
11
6
87
10
20
80
85
72
77
7
36
38
87
8
53
24
47
90
46
81
11
73
61
47
75
39
13
30
13
40
63
26
23
77
35
66
19
64
3
41
44
93
47
74
38
56
43
15
3
37
62
30
70
48
1
75
38
10
87
51
19
55
96
87
26
28
91
8
100
75
89
87
4
41
7
29
25
20
73
42
26
40
57
65
54
41
49
63
42
58
14
18
90
89
94
38
26
61
33
8
85
57
23
68
8
85
74
72
58
98
29
91
75
19
16
80
58
91
96
53
42
77
43
49
81
53
93
90
29
57
12
8
25
12
43
1
49
44
58
21
70
71
23
2
49
73
94
81
14
97
73
73
38
67
54
37
4
23
49
74
85
42
32
55
18
12
54
43
21
41
55
4
80
7
15
15
84
83
19
24
96
79
54
76
98
96
22
98
94
54
31
79
95
52
28
13
90
56
79
3
46
30
82
80
85
6
70
61
27
2
16
22
35
72
13
10
27
55
29
13
8
17
30
95
100
42
74
13
53
79
56
59
11
43
49
5
92
60
81
16
31
99
30
97
74
14
51
45
66
27
97
60
67
50
69
17
83
69
12
91
24
96
96
42
44
48
2
88
50
59
58
33
49
38
87
84
63
46
86
18
7
18
75
36
27
3
58
30
52
28
96
16
17
13
15
4
30
36
50
39
97
72
30
77
10
97
61
46
44
35
3
27
40
24
74
93
60
98
58
61
39
34
92
83
82
50
54
96
44
6
37
46
83
17
61
25
36
28
55
88
23
49
10
93
34
9
42
72
12
27
80
10
56
90
66
23
75
44
27
70
48
55
55
2
78
9
6
90
14
13
94
83
73
88
100
51
72
4
41
35
51
93
70
32
89
70
92
48
18
73
30
3
78
40
30
11
49
11
77
50
78
66
45
76
58
5
34
41
90
98
27
35
44
37
75
31
37
49
4
53
40
58
99
46
57
79
34
38
80
37
21
42
59
71
20
79
97
43
14
57
48
17
12
31
73
75
10
27
90
81
72
98
50
1
32
69
73
24
16
96
59
13
85
65
1
25
56
38
12
9
82
98
53
36
24
17
16
72
14
16
63
34
100
64
33
31
95
79
97
19
82
59
13
22
6
42
86
19
62
52
83
9
67
44
24
61
97
34
4
64
1
93
13
86
18
56
47
90
77
66
25
7
68
20
50
43
4
61
78
58
24
89
26
1
16
43
48
100
86
95
15
34
29
21
37
38
14
90
18
59
19
87
16
71
41
76
7
70
36
50
19
93
16
86
23
30
76
95
29
81
81
46
46
52
74
12
100
49
68
75
29
94
16
28
20
22
36
66
32
32
91
99
100
73
20
18
1
53
35
73
73
8
7
22
5
37
69
43
79
24
2
25
98
84
85
69
7
66
28
33
67
11
45
93
58
60
63
90
56
3
58
20
16
85
65
19
48
45
29
60
8
13
9
50
28
28
26
63
63
7
56
51
40
20
67
45
77
47
5
32
20
43
9
84
94
95
6
48
93
24
1
48
91
23
40
28
91
27
53
65
10
98
49
68
46
94
40
3
17
61
3
81
20
81
35
91
2
51
3
95
83
72
54
76
88
65
49
57
14
18
60
27
17
62
46
75
40
48
38
45
18
35
42
25
32
60
52
97
21
90
99
36
45
17
84
51
51
69
17
52
78
71
69
6
68
90
84
24
85
57
62
15
57
99
92
77
8
75
89
25
48
30
95
5
39
34
60
2
32
77
87
89
35
99
51
83
95
65
100
89
14
41
100
32
31
72
97
52
28
25
71
47
19
22
26
67
6
10
65
78
83
37
74
48
42
30
5
13
98
29
34
13
20
46
25
80
75
6
83
24
62
38
8
50
79
19
10
25
22
50
12
13
53
23
7
94
29
58
50
75
100
4
89
93
67
14
85
52
90
40
96
40
66
51
4
10
99
90
5
16
40
20
45
100
24
28
9
38
12
43
5
84
84
77
97
3
33
41
82
44
99
3
29
15
64
53
42
86
20
61
95
79
8
7
66
41
25
47
76
23
11
40
12
57
85
61
18
41
88
39
40
62
48
57
63
31
82
1
26
17
68
76
23
6
74
98
25
56
64
8
81
1
50
93
62
43
77
49
70
49
87
83
27
29
92
51
91
6
45
28
29
70
14
16
46
39
5
43
95
68
62
57
2
25
71
86
22
86
23
10
40
24
13
59
15
88
57
96
77
12
54
50
19
11
41
55
34
77
68
73
59
95
56
91
65
58
24
65
46
43
20
90
37
70
93
97
3
12
38
57
69
88
59
6
34
8
14
3
79
34
32
65
46
2
98
95
43
84
48
13
34
10
18
29
25
19
88
28
62
42
17
30
24
10
88
62
55
34
72
23
88
20
63
91
63
89
60
83
97
64
86
92
6
35
70
100
19
65
77
59
74
78
100
95
27
48
22
92
68
100
7
54
26
10
72
8
26
15
59
58
23
57
66
71
30
36
89
70
66
78
26
58
23
60
4
85
19
26
22
61
14
98
92
9
74
99
53
34
18
81
45
86
68
82
41
33
39
48
88
6
73
39
30
22
15
74
43
4
48
59
4
55
75
78
94
32
89
67
9
34
54
18
72
79
78
68
2
54
57
3
72
64
31
45
51
51
82
36
46