7291 3490
7
16
64
8
70
17
64
72
4
10
30
6
43
96
77
96
97
49
58
38
10
84
11
24
35
90
17
46
81
81
51
98
69
13
87
54
21
69
66
81
43
75
3
7
46
12
68
63
75
42
73
61
60
11
14
52
3
61
23
92
24
30
8
63
25
46
95
45
91
14
81
49
99
12
17
25
77
53
99
81
44
58
88
52
31
66
65
92
56
82
90
98
40
38
35
60
18
30
30
32
36
67
5
9
6
22
68
47
75
16
66
80
80
44
91
12
67
49
33
61
87
92
54
95
55
87
13
85
65
74
29
44
82
25
87
70
94
86
86
85
83
65
25
83
60
53
85
21
51
1
26
23
36
79
15
78
41
40
6
42
72
3
12
99
58
96
19
84
12
87
13
82
85
28
59
5
27
9
31
4
69
7
15
88
69
16
59
38
72
30
71
32
81
38
4
69
25
66
6
4
83
76
76
74
2
41
99
36
61
96
35
24
75
71
29
45
51
75
15
20
27
14
62
85
68
12
78
12
3
30
32
71
51
83
10
54
55
4
51
55
59
46
49
3
9
18
96
59
26
66
84
67
59
67
41
42
38
6
73
6
43
6
52
90
28
87
82
42
18
92
52
94
98
42
18
77
65
94
92
79
48
1
33
94
16
60
5
75
38
89
18
34
80
23
46
24
65
24
89
14
62
92
73
9
50
59
90
59
14
3
54
65
94
99
50
81
1
81
28
47
12
59
77
12
75
44
41
39
87
53
26
16
61
8
29
96
54
7
5
22
94
38
58
82
33
22
2
30
76
19
9
51
21
53
35
45
24
100
39
31
91
61
27
5
70
80
79
82
67
50
85
99
31
52
43
4
57
85
24
14
13
26
30
31
60
45
18
56
90
31
67
43
84
38
63
71
17
42
29
95
8
45
84
47
90
82
91
44
88
11
95
9
68
30
5
63
24
89
32
40
18
2
10
77
10
50
26
84
12
84
15
83
73
48
22
12
1
74
1
38
93
71
81
2
33
11
39
48
86
53
23
71
73
20
33
47
21
94
11
88
32
83
96
17
35
4
7
95
11
6
9
46
46
46
74
14
34
55
4
3
62
96
94
27
61
5
81
70
30
45
73
88
9
89
70
35
58
64
32
82
59
77
79
77
85
40
55
82
7
23
76
89
61
88
75
14
25
3
58
37
26
32
74
83
39
82
56
51
59
38
37
47
14
55
45
43
93
66
88
67
91
56
11
34
7
90
50
79
71
88
70
25
80
21
37
28
19
9
100
92
46
49
40
99
86
93
22
14
76
98
91
60
43
19
1
63
19
60
30
72
45
48
34
93
46
11
57
17
70
6
27
66
51
45
9
45
50
27
80
75
35
48
12
7
23
28
24
19
23
89
49
31
57
65
51
42
26
45
12
57
48
97
17
75
81
13
24
73
51
22
19
46
88
35
29
63
46
69
18
49
96
59
88
67
44
78
81
70
95
80
74
14
17
77
30
7
30
72
66
93
86
23
66
90
85
38
42
80
69
63
70
71
14
72
45
78
69
16
80
85
32
17
66
86
54
6
46
73
76
64
91
9
10
26
96
76
59
38
27
75
64
46
22
28
17
6
45
33
33
67
62
99
51
37
33
38
61
9
36
35
55
58
36
64
52
19
1
36
13
41
58
86
70
56
44
86
66
62
17
76
79
97
5
19
52
93
72
45
39
9
29
31
98
71
79
52
88
41
97
91
2
14
45
23
16
5
82
9
20
72
35
3
25
100
45
81
67
23
59
72
34
15
8
63
74
67
97
93
6
30
35
60
85
55
36
50
31
99
19
9
74
20
65
21
57
52
72
46
4
48
22
60
18
51
42
83
65
44
58
58
67
26
22
67
1
93
54
58
5
53
53
100
71
4
13
91
37
92
21
72
15
85
66
62
3
67
82
12
9
87
16
24
38
6
72
1
57
98
31
85
91
23
57
14
2
55
57
92
16
81
91
99
80
27
25
65
87
72
18
50
19
15
56
83
62
82
64
66
25
39
28
30
44
64
17
29
75
70
33
100
98
24
48
90
45
27
33
67
23
80
78
69
46
66
42
77
67
86
83
95
7
51
85
80
67
100
26
93
81
75
14
69
13
41
46
71
80
87
90
81
78
2
61
91
81
71
58
93
85
96
83
7
93
99
83
4
4
6
79
83
11
25
97
44
22
16
19
98
60
7
71
81
96
6
91
78
48
61
49
48
62
41
81
22
100
69
42
69
10
91
63
50
54
30
36
96
38
25
20
51
71
85
41
86
60
35
46
24
97
39
52
28
29
67
15
61
40
41
4
51
99
65
18
40
98
54
60
29
18
25
89
57
2
97
76
74
26
86
3
98
98
77
60
46
27
92
4
51
78
18
10
13
73
27
89
46
29
100
67
40
8
60
30
34
74
64
80
11
38
80
98
55
10
88
18
28
94
22
15
16
79
52
15
30
66
34
20
75
3
87
44
44
98
28
23
99
53
73
94
96
49
61
53
58
61
53
18
8
83
56
54
28
100
20
68
65
54
85
94
96
66
21
62
37
39
84
73
7
17
43
6
84
81
15
75
35
50
15
85
10
39
80
57
85
85
45
50
35
54
90
11
39
57
3
98
42
69
31
28
28
72
15
89
48
3
3
76
17
16
47
80
99
56
65
41
28
33
86
11
2
8
77
64
38
85
36
67
84
9
95
17
74
63
58
24
7
49
32
77
82
19
11
1
83
87
11
21
85
87
45
1
96
80
14
21
37
65
21
26
16
70
100
17
7
88
9
66
35
81
35
92
7
36
6
69
74
29
8
95
98
54
26
76
88
51
56
18
37
53
8
95
97
44
84
49
4
23
7
19
83
85
83
15
100
22
12
74
58
15
100
50
80
63
74
49
61
66
77
81
28
90
33
79
66
77
8
60
67
9
63
5
25
12
76
76
75
94
54
16
66
13
51
13
99
24
98
62
80
92
62
50
77
20
64
80
35
46
2
54
68
83
65
100
71
9
34
6
52
23
91
23
66
15
17
10
23
59
9
42
23
28
46
62
45
38
27
38
15
64
72
98
72
26
65
35
67
71
20
46
12
27
55
36
100
92
59
5
60
97
93
99
69
22
28
62
26
55
90
35
79
44
37
58
34
27
41
17
28
16
36
46
31
24
75
62
23
62
16
52
31
30
80
64
80
20
89
61
27
38
25
30
34
84
20
84
50
22
67
14
78
97
85
52
78
85
52
67
54
25
48
12
31
56
35
36
41
26
8
96
13
90
94
84
59
100
52
43
59
43
86
1
40
91
77
68
10
64
62
7
22
32
57
4
69
92
89
87
63
96
99
91
71
63
78
84
60
64
21
98
48
100
83
62
48
10
10
58
75
18
74
7
58
33
69
72
95
95
6
96
72
47
93
13
16
67
13
56
1
52
64
81
85
68
50
62
36
16
77
34
94
53
11
11
54
92
77
32
5
10
95
79
60
72
11
89
22
37
91
77
14
5
68
2
8
69
40
90
44
58
14
89
48
72
7
14
27
61
57
53
45
79
11
45
23
50
88
55
13
64
78
53
6
69
32
22
3
97
32
79
65
93
3
37
5
81
60
35
91
65
93
36
28
86
76
49
40
45
59
34
68
29
39
21
16
31
64
45
6
92
45
90
2
69
4
31
58
42
96
21
19
36
93
90
92
72
71
36
94
54
91
10
65
81
24
71
4
44
48
56
7
74
69
75
86
43
31
75
36
40
30
36
79
78
54
84
52
92
85
67
46
9
55
77
68
98
78
3
21
69
94
42
60
2
65
100
76
99
8
38
65
93
97
80
72
96
88
82
93
7
83
40
78
37
89
18
13
44
63
25
92
37
69
62
93
93
63
18
97
82
87
42
93
35
52
90
59
59
55
93
59
37
71
29
84
36
89
55
42
16
77
27
50
44
37
56
89
65
76
45
91
19
80
21
34
37
82
11
12
44
95
97
78
28
56
19
41
85
5
21
54
27
51
90
41
97
86
28
5
97
74
55
66
98
1
91
77
55
69
85
67
89
61
13
3
3
38
49
34
14
1
7
96
44
77
22
76
77
63
81
38
48
75
40
93
62
97
76
27
71
61
92
39
77
30
81
29
79
97
8
32
47
98
2
50
76
50
74
83
92
83
87
43
3
21
80
82
44
35
69
52
23
37
29
60
64
82
85
65
40
69
50
23
14
62
26
31
1
35
83
10
21
48
58
29
74
66
54
97
75
89
41
65
86
87
37
62
85
36
73
25
31
37
37
57
96
86
98
74
17
64
41
31
87
15
58
24
30
19
42
71
25
50
45
64
35
14
45
22
57
63
73
7
100
70
79
34
53
90
21
6
7
51
26
30
95
95
23
85
72
75
84
42
44
5
48
1
36
34
98
44
39
100
38
52
95
53
20
53
49
25
33
29
47
47
37
91
29
52
64
77
16
24
40
25
87
40
83
45
3
98
73
11
97
10
2
86
8
38
22
20
34
22
77
93
75
49
74
29
41
36
36
74
62
35
86
84
73
98
15
78
8
7
45
47
48
63
37
5
69
95
2
96
13
87
19
72
70
45
11
86
85
38
31
1
99
38
56
64
1
61
35
52
89
21
5
72
23
91
68
66
66
78
87
20
13
89
11
77
44
72
75
59
64
27
84
100
98
69
54
41
65
65
48
95
68
76
10
64
34
12
59
79
28
53
75
23
14
95
30
47
79
60
56
96
70
18
23
68
88
98
60
92
73
32
9
14
55
50
76
69
6
98
53
96
94
75
14
66
79
62
20
85
45
26
30
54
60
36
100
31
97
42
41
28
16
95
30
50
45
57
82
27
14
98
56
18
9
79
77
87
76
80
84
56
63
68
4
24
11
31
67
37
39
43
93
49
13
15
76
72
28
21
30
80
37
82
71
86
58
78
48
29
100
78
95
4
35
14
90
81
28
73
87
84
91
61
97
55
26
28
92
49
4
14
79
33
9
68
90
32
19
48
92
89
29
83
90
68
98
72
91
9
98
10
86
9
24
48
26
88
36
81
75
3
52
71
62
76
67
89
10
35
23
82
98
40
39
63
90
17
1
36
12
87
6
39
31
57
4
93
78
88
42
7
65
83
34
45
53
61
91
6
23
51
63
51
5
17
58
22
81
20
54
72
59
35
87
15
64
21
56
13
81
9
84
57
52
71
59
4
83
79
32
12
47
55
63
66
25
56
60
69
78
14
35
25
25
30
34
60
20
66
78
19
43
51
67
39
48
28
6
70
86
48
44
46
100
41
74
32
35
65
48
74
10
40
47
90
96
48
81
68
48
32
65
34
8
58
32
90
17
95
16
76
84
20
44
21
79
83
8
59
7
71
54
16
99
3
95
61
66
32
13
22
81
75
89
88
25
2
12
47
79
1
89
15
28
62
67
58
100
83
66
88
69
39
25
89
97
25
33
59
86
13
77
69
32
6
49
65
16
38
19
28
28
94
94
57
69
80
90
20
16
38
91
15
54
18
32
33
31
61
11
63
97
97
93
82
16
9
43
100
55
36
4
28
86
5
13
18
36
22
43
9
84
5
55
42
30
64
21
67
37
89
94
99
21
50
49
52
10
27
71
1
48
26
25
19
37
20
46
70
90
59
19
38
44
12
82
40
16
9
58
54
65
72
44
33
39
94
22
46
76
22
8
73
63
85
88
14
88
79
41
53
16
13
64
95
52
35
30
24
15
63
59
37
42
50
18
41
28
88
18
22
7
56
73
62
21
81
21
91
44
36
18
50
84
11
79
8
54
95
26
75
86
48
23
49
56
98
25
36
75
39
15
29
55
95
36
19
74
33
91
7
59
52
8
73
65
39
50
64
41
21
62
45
94
49
46
15
49
76
30
31
88
22
30
90
59
30
89
33
79
38
57
57
22
22
75
79
8
78
92
13
97
49
97
37
38
84
73
52
45
9
56
32
17
23
60
47
25
17
47
54
32
37
51
86
41
50
19
86
67
74
66
37
59
5
87
99
34
14
38
71
75
60
100
28
90
14
72
35
74
5
13
44
70
88
19
71
37
12
39
92
6
70
86
3
95
24
41
67
95
49
36
13
32
67
41
6
54
62
95
79
29
13
81
48
4
14
81
37
51
7
55
52
83
76
97
3
30
32
99
3
66
37
41
11
28
73
97
19
51
24
61
74
35
90
18
23
13
77
22
72
89
82
40
44
12
87
75
36
31
9
17
33
82
24
66
86
92
38
3
39
91
97
11
73
47
27
53
40
81
92
40
26
40
22
4
89
46
51
34
46
61
53
13
30
33
41
90
71
32
79
51
85
95
58
96
91
50
43
11
65
60
1
2
8
97
32
82
99
24
66
40
75
85
95
77
15
8
72
6
45
81
19
22
68
97
7
28
22
58
62
32
91
100
61
46
55
45
40
22
94
95
43
66
12
21
67
66
12
90
16
76
32
83
47
51
21
28
24
29
1
92
64
98
24
81
21
57
71
62
91
38
83
69
23
21
53
76
38
29
97
16
70
63
99
66
94
31
80
7
39
15
49
48
98
79
35
46
78
85
62
57
14
98
11
13
86
94
21
51
25
58
34
43
95
51
46
51
90
38
68
34
96
3
32
62
79
39
52
2
1
90
91
54
82
75
25
67
58
73
90
99
90
7
29
36
19
25
93
15
35
53
99
61
58
20
96
45
75
27
6
51
42
47
67
52
43
52
64
63
92
59
68
54
23
40
25
25
77
39
45
90
7
51
90
54
33
36
18
81
12
100
49
49
19
38
69
100
43
76
2
78
85
48
39
56
74
30
6
63
38
27
89
66
61
40
53
62
60
35
46
17
72
52
38
3
59
22
53
73
9
100
9
63
16
33
33
85
62
26
7
45
41
41
100
69
31
94
8
97
4
24
6
72
66
41
55
12
96
49
53
20
90
63
20
68
51
63
7
76
40
17
100
67
98
62
39
68
58
28
73
37
92
14
53
26
32
58
15
36
56
61
11
18
85
60
94
19
100
21
51
50
79
99
20
9
58
85
20
4
97
92
83
4
16
62
77
91
40
52
16
41
99
59
41
97
92
58
68
48
81
54
79
43
40
73
52
10
29
4
57
92
99
57
17
28
28
59
33
55
30
44
75
39
66
52
56
69
78
63
53
41
71
15
10
48
64
62
96
71
24
94
79
85
41
17
21
98
13
68
51
56
70
55
55
81
51
80
73
19
51
62
55
94
59
19
39
24
32
59
68
15
48
50
80
43
83
21
56
69
14
61
35
64
82
70
46
96
13
76
86
64
52
55
77
66
34
49
95
74
85
88
20
94
82
25
59
49
95
72
44
37
61
98
95
35
71
11
20
52
60
26
71
59
92
65
45
90
44
7
26
72
11
48
83
86
3
2
89
89
81
59
70
82
5
64
41
42
100
100
8
67
31
44
59
1
59
68
95
96
41
63
77
87
63
43
47
14
8
100
19
78
61
59
85
66
64
17
64
58
23
70
2
25
18
57
30
28
52
72
33
94
12
7
71
12
35
39
40
15
17
68
96
22
40
35
79
46
11
81
22
3
33
85
62
64
5
63
73
6
28
73
97
77
87
16
28
52
81
14
33
70
39
48
32
50
28
68
31
89
74
8
40
66
47
56
64
93
86
45
19
56
48
87
52
76
45
23
66
67
59
23
25
28
34
43
2
43
20
48
82
92
75
73
97
70
96
35
51
69
26
15
88
81
65
74
80
47
80
5
25
13
86
56
26
79
1
83
1
23
88
84
68
41
49
11
78
50
29
79
2
18
65
20
81
63
80
48
10
87
79
15
87
30
15
14
57
29
29
99
5
18
73
79
92
56
63
15
45
70
50
48
51
35
90
44
6
26
93
43
58
4
16
34
96
94
3
32
55
88
17
98
65
66
15
14
47