9537 1916
8
55
97
71
100
78
94
87
5
57
75
66
10
44
94
32
93
31
49
83
76
32
53
100
94
30
64
19
88
74
24
62
8
99
39
12
11
62
80
1
10
91
61
54
96
48
16
12
70
92
51
37
69
69
88
29
65
70
42
45
30
60
69
62
66
93
24
89
69
52
24
26
19
86
10
60
54
3
66
57
3
88
24
85
14
47
16
1
6
29
75
79
74
60
87
74
63
27
82
31
83
49
26
97
55
76
98
1
19
85
90
91
22
6
74
25
13
49
46
1
77
88
18
24
61
72
74
49
53
4
65
88
79
89
50
9
78
93
62
46
66
12
18
88
29
26
29
38
35
94
40
15
11
38
80
36
100
71
49
76
53
19
61
52
26
50
86
7
89
26
52
52
6
69
43
63
40
49
29
97
46
52
87
10
98
89
25
73
23
82
98
28
13
60
55
8
84
12
11
94
18
59
49
60
87
77
52
58
3
20
60
37
26
3
24
83
59
79
100
45
86
91
17
85
5
26
17
5
89
94
88
33
3
17
13
29
11
8
68
79
57
34
23
95
98
88
99
76
4
59
67
58
52
55
39
2
58
52
22
76
43
81
2
3
26
26
30
40
53
29
55
9
14
92
45
25
16
10
81
34
33
42
27
74
68
95
48
39
31
21
46
76
64
100
47
73
51
85
64
78
9
83
12
91
51
34
20
42
72
53
21
54
22
19
32
84
83
82
23
7
53
59
52
31
78
93
54
9
82
31
55
51
7
84
3
10
61
58
26
37
57
21
95
89
50
93
77
78
5
52
71
91
88
12
80
45
18
47
28
15
13
19
12
92
60
96
35
1
28
20
71
92
89
57
68
28
35
80
68
1
23
71
7
91
42
100
100
33
65
68
92
78
86
59
3
49
61
20
97
71
76
29
63
38
35
51
47
13
98
13
63
9
84
34
13
7
88
3
72
78
22
3
45
51
22
89
42
76
73
95
20
99
9
42
32
32
79
92
20
61
73
44
100
86
11
90
8
66
86
59
84
63
70
30
41
3
59
53
40
51
78
5
21
50
43
28
44
54
94
12
56
35
5
36
59
19
32
55
34
80
99
43
10
94
18
72
89
51
95
65
60
100
70
25
8
63
47
75
86
53
97
31
14
43
81
92
92
29
55
64
98
48
57
73
39
38
94
79
53
32
31
98
65
33
50
84
84
49
3
21
73
66
91
38
69
47
66
47
35
29
14
96
50
90
42
32
64
68
69
84
23
36
84
28
8
41
41
20
88
11
49
24
33
62
81
99
93
55
66
6
27
25
1
15
32
78
30
52
20
8
1
44
88
66
13
41
30
74
60
59
81
75
92
17
54
77
27
42
78
16
39
26
44
89
28
73
14
71
78
84
75
24
14
59
6
30
65
73
81
87
44
62
37
39
85
26
83
46
65
58
43
3
14
40
52
72
72
79
70
67
49
69
6
90
43
39
78
21
6
82
6
33
24
29
76
9
65
73
24
28
46
76
32
96
24
54
38
2
77
34
100
68
77
27
60
32
14
98
19
12
82
98
78
48
92
69
83
37
57
11
65
66
8
83
29
45
75
8
6
99
43
73
26
20
82
72
34
22
77
78
39
15
36
66
90
97
64
82
40
13
43
72
7
3
75
74
56
70
36
8
74
1
44
28
98
91
25
53
7
70
46
96
78
61
54
21
97
39
87
20
48
42
5
61
68
87
56
88
48
78
51
90
84
91
18
9
51
83
58
42
5
75
75
90
72
21
92
10
56
63
43
22
93
58
21
21
17
74
47
66
2
37
89
88
14
87
41
21
15
44
3
56
82
76
26
97
2
42
55
35
3
63
9
94
24
61
20
45
94
64
11
69
51
26
14
47
11
38
26
43
78
49
72
52
20
33
41
36
90
62
16
43
46
38
94
59
18
97
91
49
92
54
63
85
45
12
38
44
49
14
12
71
61
42
21
90
69
96
39
25
4
30
80
70
17
74
39
10
90
64
7
41
29
15
70
21
85
51
9
32
97
70
57
3
57
4
72
84
59
20
22
3
1
82
77
47
33
79
45
92
66
25
97
44
30
22
74
3
100
61
50
38
57
4
87
54
88
7
14
84
51
81
63
56
32
44
85
78
51
22
32
81
66
10
9
84
29
31
14
84
75
67
76
92
3
95
47
34
82
43
34
54
66
75
51
47
89
8
91
86
95
21
45
71
82
55
83
7
45
64
55
7
64
38
25
52
6
49
98
100
91
96
92
37
19
26
25
54
61
1
25
95
75
70
36
14
53
30
99
81
48
67
84
70
76
74
65
2
86
34
12
48
2
91
13
11
74
3
6
74
76
74
65
85
97
13
6
57
89
6
4
62
82
82
43
35
67
90
11
13
37
11
43
6
92
69
30
8
75
20
4
99
68
61
48
92
24
22
10
54
60
94
74
95
50
80
97
37
27
91
57
21
30
7
26
30
26
75
88
28
70
47
18
10
15
17
30
2
7
95
5
98
37
37
96
75
13
96
2
97
87
98
70
55
92
48
60
49
33
3
94
49
72
2
67
87
5
94
45
29
66
72
37
49
28
84
53
39
90
99
30
54
90
99
94
74
40
3
86
8
5
87
14
84
35
32
76
82
97
41
77
80
24
14
15
38
97
89
78
34
64
79
29
97
25
53
91
17
29
90
69
78
47
82
86
65
22
83
23
74
35
92
65
50
86
80
83
26
11
82
40
83
23
25
73
43
61
13
59
95
29
28
72
38
67
76
86
45
65
16
65
4
87
76
74
78
33
98
21
10
99
5
14
16
45
43
33
43
25
30
49
85
81
85
86
78
21
84
97
37
75
19
79
75
85
82
10
13
37
68
42
12
52
30
8
11
64
56
90
49
25
7
56
91
93
74
59
30
4
37
14
89
79
83
84
66
1
99
96
64
99
46
75
26
73
21
90
29
41
51
12
83
69
48
58
14
81
29
69
81
64
65
32
59
49
25
92
53
29
92
85
97
63
27
96
85
83
53
74
64
81
28
36
45
73
25
92
77
43
15
11
11
65
86
30
57
22
45
38
28
32
20
74
18
55
42
83
78
2
86
98
63
58
34
28
21
35
40
73
56
93
3
65
85
88
49
67
96
98
5
65
40
97
42
15
81
70
68
4
2
28
70
1
9
90
33
92
26
42
90
60
88
75
20
16
64
36
43
10
100
83
19
45
87
95
69
11
19
47
59
21
81
24
72
42
23
53
75
85
16
22
100
6
53
10
21
81
2
22
94
82
65
6
9
99
2
55
61
83
70
1
93
77
57
42
3
59
78
4
51
96
31
31
49
96
12
25
78
18
47
85
41
78
19
33
89
57
26
11
2
19
7
32
43
98
60
24
62
98
72
75
11
7
62
56
60
63
63
71
12
88
37
87
86
2
23
93
86
22
41
86
26
80
56
60
67
61
76
55
45
25
63
42
55
30
97
48
57
1
64
20
28
5
2
49
6
73
21
70
59
3
69
34
43
13
34
7
8
32
28
92
45
60
11
90
44
58
62
87
44
85
79
32
38
40
60
32
36
60
92
53
11
1
68
35
49
100
63
73
56
88
1
91
32
60
86
96
60
100
13
37
17
3
95
70
4
53
85
49
30
69
78
35
99
27
95
97
69
9
68
35
62
19
48
52
47
36
84
96
61
29
35
42
79
92
32
45
96
9
7
61
86
8
56
76
98
31
4
4
50
23
91
78
86
48
19
6
7
53
3
62
81
99
17
71
90
31
11
78
66
29
50
13
16
96
61
40
7
62
14
45
94
72
99
37
42
37
5
91
23
42
96
23
92
80
32
85
69
46
52
35
71
22
3
89
41
67
7
56
28
99
16
50
23
57
4
91
49
71
92
81
63
2
75
50
58
16
41
73
28
66
60
83
72
81
68
68
21
19
12
44
49
17
63
18
30
93
30
51
60
33
34
26
15
5
24
1
19
34
20
80
63
53
17
30
26
32
90
97
11
6
88
52
50
71
44
6
92
85
44
57
77
37
45
79
82
46
29
90
29
77
64
82
72
8
57
25
56
40
84
78
41
46
23
63
46
1
52
7
65
50
83
65
11
66
33
82
91
98
68
5
80
14
31
94
8
7
52
78
69
20
31
18
34
8
52
52
5
22
33
63
41
58
98
38
61
50
53
44
99
66
79
36
78
20
12
82
43
19
55
11
89
24
51
47
75
23
19
38
30
96
14
55
98
91
29
11
91
56
57
2
94
36
87
21
76
36
21
19
72
100
49
66
36
71
72
96
29
79
75
24
7
1
38
72
8
90
39
6
27
52
56
86
80
89
93
28
50
43
49
9
38
41
56
58
35