6589 1929
8
34
65
19
62
98
4
82
37
58
66
33
35
72
69
20
76
12
56
4
96
38
1
90
21
9
100
9
38
13
27
52
56
47
24
13
93
36
90
28
62
33
64
82
21
69
70
43
89
90
85
94
73
79
97
47
44
47
20
27
12
46
13
23
1
52
90
96
62
82
33
44
95
75
81
97
64
25
24
29
6
18
18
97
88
19
52
62
72
73
42
15
59
98
67
90
22
50
24
1
70
7
32
75
36
42
15
85
97
84
96
97
90
13
7
26
62
56
93
1
45
18
86
100
60
95
8
75
77
76
43
88
21
41
29
65
43
37
66
56
39
35
86
14
68
63
70
65
26
34
23
89
86
63
100
18
31
12
29
23
13
2
100
43
64
60
12
52
34
84
11
49
75
96
61
69
6
80
48
15
23
20
59
16
90
55
78
78
81
63
71
99
32
14
28
45
63
15
45
15
83
99
43
16
10
75
100
8
80
93
13
58
85
12
83
69
86
90
26
90
6
31
65
43
48
60
96
71
51
84
90
89
97
95
72
62
74
95
17
33
4
4
20
37
58
32
75
97
73
64
43
64
52
14
89
6
33
46
50
99
47
40
75
53
35
22
49
54
26
86
6
99
39
53
1
58
38
55
91
1
20
32
66
87
83
97
47
82
56
100
88
52
80
99
26
20
59
9
94
92
31
15
21
18
4
73
21
56
61
2
100
66
67
91
57
37
76
15
91
37
20
38
24
73
7
45
74
34
57
2
70
80
39
68
48
65
23
94
34
18
32
38
99
77
21
30
78
35
24
93
71
78
39
86
45
29
12
65
96
4
70
49
88
40
11
51
14
90
22
85
7
3
55
62
17
67
100
17
5
47
36
54
90
13
31
100
64
52
56
53
87
18
91
25
81
78
81
98
57
13
62
16
72
91
72
98
99
64
8
82
71
72
82
31
45
91
64
9
22
84
5
97
19
6
29
99
41
18
43
50
60
89
40
13
79
17
50
5
12
31
17
58
6
70
37
59
86
79
23
9
44
38
24
60
3
88
34
43
21
78
52
69
37
22
60
77
100
56
14
5
99
70
72
53
74
65
11
32
7
14
43
98
40
10
49
13
34
26
21
62
81
16
29
97
30
59
35
19
5
47
24
9
14
9
68
47
93
61
94
60
94
45
23
91
100
7
78
40
13
11
93
97
34
28
19
77
29
76
90
40
50
23
36
4
100
24
70
37
23
71
90
93
2
33
15
43
25
28
23
35
78
55
88
34
18
54
13
17
93
5
26
70
39
74
89
57
39
17
48
20
29
95
75
87
91
64
63
30
41
8
1
24
29
50
6
53
29
99
31
90
88
28
92
2
84
30
20
81
26
10
35
64
33
43
19
9
15
74
68
96
13
82
98
96
44
48
34
38
44
66
70
90
39
76
40
23
52
76
86
79
87
53
13
16
5
37
57
18
61
92
13
22
25
15
85
67
6
82
37
76
25
84
22
55
96
74
69
91
55
23
100
52
34
51
49
100
46
59
18
69
16
2
13
93
45
50
74
97
97
23
65
18
4
62
62
9
65
25
52
31
46
59
17
93
70
51
65
21
64
63
25
91
43
9
85
94
90
79
29
32
77
51
56
26
21
46
26
50
32
19
62
27
48
57
55
26
37
3
14
64
15
83
21
57
39
48
79
40
27
68
4
1
9
91
18
47
39
32
83
19
87
8
23
41
28
5
24
20
54
72
8
24
68
50
63
78
88
54
59
34
26
29
34
100
30
77
34
8
32
60
54
70
93
1
74
42
12
20
8
94
76
34
91
95
28
60
33
62
31
8
35
21
85
53
18
96
57
83
16
51
6
69
28
4
60
4
46
33
50
62
13
48
6
15
40
94
41
49
100
1
66
10
65
65
71
15
13
42
62
78
19
42
94
24
30
68
51
30
58
7
88
17
81
26
41
100
9
23
77
97
2
61
74
17
1
75
8
7
33
34
77
8
88
53
85
51
46
25
1
7
47
9
33
81
49
49
38
10
14
72
82
47
34
96
7
1
63
89
74
96
51
34
100
6
22
91
65
84
5
55
11
15
60
70
24
95
69
83
20
86
65
80
86
41
93
56
28
58
39
4
17
56
27
100
6
98
42
76
74
39
74
92
55
92
63
38
8
80
84
25
92
99
21
69
88
80
68
3
38
92
93
100
12
7
52
57
11
87
25
4
95
4
10
71
76
34
13
16
60
15
36
21
81
77
96
96
60
50
61
82
94
48
34
54
71
33
65
90
51
36
31
81
52
93
97
97
13
46
19
64
97
43
90
68
1
97
74
73
69
4
30
50
6
75
5
60
82
1
79
35
95
88
99
57
62
9
34
74
40
95
84
97
88
26
70
23
85
35
12
9
79
36
67
84
85
42
11
83
76
11
19
81
14
72
54
83
85
38
38
38
8
5
78
71
23
34
47
11
91
38
87
5
15
60
41
79
54
53
40
15
3
86
91
45
53
84
49
17
5
38
6
21
96
100
29
97
80
41
8
19
82
92
17
72
54
43
40
80
100
7
26
48
82
59
70
41
11
22
72
29
96
96
37
49
19
49
21
51
45
26
46
36
83
84
4
100
10
20
33
7
9
83
69
41
5
67
55
49
63
62
15
89
92
34
48
25
7
40
52
7
26
69
51
85
52
67
98
22
58
49
51
88
84
33
17
5
65
11
16
61
85
69
94
93
69
70
52
43
40
18
15
15
80
73
46
92
92
88
98
14
39
79
60
19
44
54
60
41
22
83
70
4
14
5
100
24
4
36
45
31
8
99
57
46
58
83
15
76
53
13
76
52
6
36
39
35
27
50
49
3
17
45
84
5
12
40
61
45
96
11
64
52
61
77
71
23
52
52
9
90
45
72
95
9
76
38
59
52
85
90
66
26
47
84
13
37
81
10
4
65
72
68
47
33
64
27
99
56
89
67
7
97
4
41
72
39
41
24
78
23
28
77
72
17
9
36
93
76
79
86
54
75
94
22
31
22
66
16
40
38
39
56
68
76
78
2
70
45
23
76
72
33
42
89
85
30
89
36
88
65
40
44
16
13
80
30
12
1
94
18
50
63
88
53
55
88
50
5
94
53
45
86
49
51
20
72
79
4
24
46
14
50
57
16
76
6
82
83
46
53
77
78
74
69
90
54
82
86
33
66
49
84
92
60
94
54
58
37
32
15
55
33
60
22
28
45
23
13
48
72
27
61
67
82
36
51
32
77
15
68
53
21
70
33
69
27
35
4
82
28
98
31
87
42
69
91
96
57
68
2
63
1
93
60
78
52
71
14
5
97
34
33
93
52
63
29
71
94
38
21
55
35
98
36
64
18
63
75
17
18
51
99
67
95
12
2
88
100
56
30
17
26
22
29
87
65
37
48
25
8
86
34
54
68
89
3
99
44
73
55
18
78
40
19
23
50
92
90
95
3
6
50
97
74
3
29
90
38
73
49
15
3
99
14
67
23
19
12
87
53
84
40
11
69
97
43
29
10
21
85
15
46
19
53
39
31
88
43
85
51
79
64
23
98
6
14
87
32
5
59
23
78
14
75
82
26
73
4
73
7
44
88
5
1
28
4
83
94
15
52
96
43
61
15
70
20
38
20
7
72
37
1
99
39
55
65
61
72
77
1
2
66
81
13
61
39
65
4
14
68
64
99
4
84
80
32
31
13
35
73
95
23
3
23
16
23
74
91
86
94
41
93
12
90
83
34
77
86
37
96
71
9
71
6
15
14
61
47
95
42
88
13
46
39
9
63
25
44
32
20
30
68
39
91
76
94
100
24
6
91
30
12
7
61
67
40
83
41
36
87
85
24
24
96
24
89
41
40
29
21
21
73
82
64
75
34
90
17
66
39
41
4
98
95
73
78
80
5
82
39
55
52
49
15
46
25
32
75
61
12
31
12
21
38
39
82
6
29
27
71
1
99
63
84
56
20
65
57
4
71
4
57
75
96
61
10
71
44
12
5
23
8
9
37
60
80
72
19
50
4
52
42
48
90
25
14
19
50
62
44
52
65
68
45
100
77
94
93
92
66
76
30
46
66
53
72
19
84
33
57
22
93
67
10
91
27
80
13
11
38
79
84
22
87
31
57
79
18
2
84
85
30
85
59
12
47
48
86
21
11
100
31
13
55
71
45
86
50
99
21
29
12
60
9
52
8
88
29
74
22
49
80
76
44
38
57
64
98
74
8
24
99
29
60
53
48
4
22
24
63
9
74
88
26
35
51
74
74
20
62
59
6
27
1
86
41
12
34
5
38
55
20
7
54
37
11
75
97
31
92
87
64
76
42
44
48
81
99
63
66
68
80
61
10
9
44
63
52
66
75
7
95
49
40
30
60
87
59
67