5955 1939
98
2
65
4
54
45
68
93
8
43
36
1
6
59
41
93
72
47
10
71
49
3
15
70
51
30
74
31
67
87
70
55
52
61
35
32
58
23
31
85
12
30
79
79
41
64
19
76
78
23
53
89
61
56
62
43
50
23
23
8
16
48
4
94
21
39
73
26
44
20
33
19
29
89
48
84
82
81
13
48
40
12
92
97
29
67
40
34
59
42
95
50
58
35
69
39
84
91
90
74
11
57
98
14
100
65
63
57
93
66
35
85
88
7
13
15
16
21
8
8
31
55
69
17
29
80
39
46
74
37
54
70
22
83
80
63
99
6
14
60
4
70
79
67
27
17
51
7
47
16
78
79
84
94
62
26
88
37
52
89
2
80
9
21
41
49
55
37
56
66
13
59
84
63
91
69
56
29
48
97
20
97
14
34
63
23
48
73
17
46
67
71
1
43
75
95
9
31
14
76
70
39
83
75
81
40
63
51
76
6
9
5
73
97
98
45
57
76
46
31
59
38
62
28
45
95
100
87
53
13
72
64
30
94
53
17
69
28
7
72
10
54
44
79
60
95
88
97
83
11
78
63
24
40
59
79
88
95
28
99
24
69
9
82
55
88
74
9
17
22
78
78
11
43
97
91
60
11
80
54
15
77
9
32
71
60
66
75
91
30
11
65
55
42
41
98
83
17
59
24
57
8
51
86
34
36
27
57
14
23
52
61
76
81
47
96
96
68
11
52
88
17
66
41
56
7
30
29
85
52
60
8
89
15
58
37
14
93
80
36
77
24
29
31
81
24
93
28
52
46
25
71
25
54
32
18
98
82
46
57
85
5
56
82
42
39
63
48
51
69
95
87
75
57
67
55
16
34
67
76
60
40
76
55
96
81
13
45
21
7
58
61
100
54
56
22
67
3
37
59
22
27
46
55
99
28
29
76
8
19
36
87
43
80
27
73
65
25
58
52
33
86
72
70
98
19
80
41
60
66
20
51
31
95
22
27
89
94
25
67
55
32
58
81
95
18
8
63
100
21
87
87
96
53
47
98
20
43
20
95
43
12
61
17
26
86
26
21
12
82
63
95
4
53
62
46
86
90
63
11
8
17
65
11
41
50
12
55
80
16
75
64
14
59
31
87
1
16
12
56
29
71
18
75
34
46
86
23
32
21
77
22
15
49
38
53
17
52
52
72
58
35
52
89
65
78
32
19
100
91
19
38
53
80
2
11
47
64
23
5
97
25
86
85
78
15
86
41
13
16
42
13
47
20
49
71
63
56
79
23
38
53
36
78
95
79
96
69
9
98
93
60
68
56
88
46
15
44
68
74
10
76
56
20
9
55
98
2
58
75
54
57
83
47
73
25
32
99
28
59
43
48
96
69
48
11
23
17
44
91
9
94
95
84
11
78
52
21
13
88
13
42
74
16
45
7
57
66
65
72
25
2
65
41
24
34
6
69
3
93
97
70
27
79
79
61
14
42
54
23
84
3
63
3
94
49
23
2
87
93
60
87
49
20
67
91
33
28
23
78
85
78
53
83
55
53
49
11
98
60
61
36
15
88
67
94
13
48
11
52
86
21
84
72
70
23
25
75
15
64
2
21
7
39
47
27
49
88
31
57
43
64
93
87
62
23
80
24
82
94
62
99
72
5
12
53
20
17
30
45
43
65
78
54
56
90
52
22
98
24
34
72
68
19
82
100
21
88
72
49
29
33
36
66
24
36
12
44
11
75
64
97
9
54
76
45
32
28
69
20
91
30
90
29
33
31
60
56
41
51
18
99
29
37
90
78
81
39
12
9
15
87
78
64
44
26
47
24
96
86
48
94
86
66
64
78
31
15
69
15
55
55
89
73
83
89
26
46
82
44
85
15
92
55
76
86
100
82
14
89
99
30
78
66
39
82
46
81
95
61
96
69
57
71
31
48
2
17
84
8
30
75
14
91
99
60
28
20
63
51
8
93
16
56
14
2
27
41
60
42
31
80
62
5
61
44
69
85
59
78
2
72
13
83
61
51
86
79
30
80
43
100
57
69
94
97
50
17
37
4
37
28
20
75
77
42
82
70
9
97
43
99
12
85
99
95
20
82
1
72
82
80
2
92
81
49
100
30
42
30
4
89
95
34
21
57
95
41
10
12
39
63
22
20
89
38
56
7
62
92
63
78
23
76
95
73
73
82
42
46
72
95
52
64
68
17
23
55
13
91
68
46
70
35
100
1
55
58
56
18
96
17
10
97
96
55
31
80
69
85
84
24
52
40
87
99
59
64
50
24
3
20
73
56
81
19
15
31
69
75
98
84
30
51
16
76
29
44
8
88
48
60
17
2
29
64
6
33
92
43
77
39
94
93
87
12
38
9
94
68
99
13
72
8
2
75
2
96
31
30
28
60
90
73
39
1
17
92
56
20
45
24
27
56
63
2
89
96
30
94
93
66
53
71
50
68
41
74
22
38
41
49
4
20
51
20
14
32
42
33
99
60
40
29
78
69
4
69
35
10
30
97
17
23
4
36
97
3
15
63
22
25
94
45
5
15
46
35
93
76
39
13
80
40
58
54
28
24
50
75
37
33
31
32
90
88
7
78
35
49
4
30
52
80
19
54
88
29
8
87
8
90
12
97
85
13
36
45
43
62
27
2
91
87
42
31
7
91
29
5
7
62
91
72
14
52
1
59
25
75
84
46
94
28
59
96
8
9
60
15
45
75
24
41
10
49
61
46
76
6
74
42
34
83
49
63
67
3
69
43
88
92
55
80
31
38
20
20
43
56
69
28
35
65
73
75
39
96
8
83
81
86
76
100
13
66
16
44
49
74
71
52
81
16
100
31
13
76
61
6
57
100
2
12
84
4
32
94
42
4
92
61
96
78
67
55
96
81
75
72
75
70
42
66
65
74
45
75
5
12
41
13
15
82
60
45
41
84
41
59
87
21
80
96
22
52
93
77
79
88
33
67
99
78
93
42
50
42
29
79
2
24
32
84
55
83
6
32
18
98
19
31
36
72
88
54
63
12
24
81
54
13
74
46
15
48
80
72
4
1
2
12
57
71
66
100
54
94
4
51
76
57
92
35
13
43
70
100
93
35
38
78
51
42
5
88
67
61
89
5
27
64
63
88
9
88
67
22
8
24
10
50
45
83
100
88
29
23
46
9
100
9
46
71
73
58
96
4
93
13
62
32
77
97
51
73
51
19
62
95
64
79
57
36
29
25
4
57
39
11
20
83
22
72
39
63
88
30
91
64
63
89
13
56
53
68
70
70
91
64
55
31
41
8
66
100
44
1
88
13
59
16
94
70
9
16
11
3
41
10
35
39
21
97
47
12
84
57
73
64
41
29
63
62
81
10
31
65
46
58
24
48
94
71
88
43
93
45
12
28
25
39
97
38
57
38
80
27
49
59
39
40
44
72
73
46
8
94
39
58
86
64
94
29
74
34
60
44
20
90
62
25
5
44
33
61
90
41
42
63
22
33
51
73
4
78
72
100
15
67
46
13
17
23
57
67
16
69
36
68
23
66
45
14
33
43
28
37
43
23
79
47
61
68
95
70
78
87
39
66
73
23
3
22
40
52
44
83
16
89
47
94
45
52
5
13
88
30
62
19
80
59
76
26
13
58
65
40
52
14
22
53
7
74
52
62
6
69
50
35
52
19
43
59
76
100
98
52
88
77
32
94
59
43
58
47
5
62
43
54
84
80
97
13
25
41
69
30
6
98
42
10
75
1
84
4
96
28
68
42
43
46
36
67
58
7
53
38
39
46
52
74
8
64
69
55
95
60
9
87
5
50
38
43
48
47
27
8
65
52
52
5
87
26
65
100
5
82
26
73
54
82
38
19
18
73
19
61
24
81
40
5
93
45
66
30
64
98
54
13
8
78
83
15
22
86
89
55
43
51
12
73
1
1
73
53
92
37
19
81
47
76
13
28
32
21
4
77
96
66
80
71
36
82
30
30
72
7
48
16
15
83
88
58
67
37
7
47
95
100
95
56
33
43
85
33
15
83
30
6
3
11
74
56
17
81
60
12
87
71
46
71
66
81
89
24
27
72
75
1
83
82
44
9
25
80
15
52
80
35
92
41
61
65
41
9
70
81
42
99
30
48
39
75
23
76
72
22
84
69
88
11
63
97
53
30
36
34
86
27
33
77
71
33
81
75
75
71
53
81
89
60
48
36
72
71
60
6
17
85
35
38
21
85
63
44
48
25
21
33
34
56
92
2
38
60
80
86
62
96
30
100
84
44
31
58
14
75
92
12
59
5
79
78
2
17
4
17
10
48
68
6
31
81
80
48
12
77
65
42
94
27
32
84
72
33
9
75
71
2
12
47
15
73
41
8
68
56
20
2
89
28
75
18
84
3
79
75
73
78
23
47
3
67
51
37
84
23
64